# This file was produced by samtools stats (1.4+htslib-1.4) and can be plotted using plot-bamstats
# This file contains statistics for all reads.
# The command line was:  stats Arenosa1dedup.bam
# CHK, Checksum	[2]Read Names	[3]Sequences	[4]Qualities
# CHK, CRC32 of reads which passed filtering followed by addition (32bit overflow)
CHK	00f80422	9e536284	72a6d5c5
# Summary Numbers. Use `grep ^SN | cut -f 2-` to extract this part.
SN	raw total sequences:	428
SN	filtered sequences:	0
SN	sequences:	428
SN	is sorted:	1
SN	1st fragments:	243
SN	last fragments:	185
SN	reads mapped:	395
SN	reads mapped and paired:	330	# paired-end technology bit set + both mates mapped
SN	reads unmapped:	33
SN	reads properly paired:	308	# proper-pair bit set
SN	reads paired:	370	# paired-end technology bit set
SN	reads duplicated:	11	# PCR or optical duplicate bit set
SN	reads MQ0:	99	# mapped and MQ=0
SN	reads QC failed:	0
SN	non-primary alignments:	5
SN	total length:	47756	# ignores clipping
SN	bases mapped:	44133	# ignores clipping
SN	bases mapped (cigar):	41177	# more accurate
SN	bases trimmed:	0
SN	bases duplicated:	1255
SN	mismatches:	2022	# from NM fields
SN	error rate:	4.910508e-02	# mismatches / bases mapped (cigar)
SN	average length:	111
SN	maximum length:	151
SN	average quality:	33.6
SN	insert size average:	362.8
SN	insert size standard deviation:	159.3
SN	inward oriented pairs:	151
SN	outward oriented pairs:	4
SN	pairs with other orientation:	1
SN	pairs on different chromosomes:	8
# First Fragment Qualitites. Use `grep ^FFQ | cut -f 2-` to extract this part.
# Columns correspond to qualities and rows to cycles. First column is the cycle number.
FFQ	1	0	0	163	0	0	0	0	0	0	0	0	0	0	0	0	0	0	0	0	0	0	0	0	0	0	0	0	4	0	0	0	0	76	0	0	0	0	0	0	0	0	0	0
FFQ	2	0	0	0	0	0	0	0	0	0	0	0	0	19	0	0	0	0	0	0	0	0	0	0	0	0	0	0	28	0	0	0	0	196	0	0	0	0	0	0	0	0	0	0
FFQ	3	0	0	0	0	0	0	0	0	0	0	0	0	47	0	0	0	0	0	0	0	0	0	0	0	0	0	0	39	0	0	0	0	154	0	0	0	0	3	0	0	0	0	0
FFQ	4	0	0	1	0	0	0	0	0	0	0	0	0	1	0	0	0	0	0	0	0	0	0	1	0	0	0	0	8	0	0	0	0	141	0	0	0	0	91	0	0	0	0	0
FFQ	5	0	0	1	0	0	0	0	0	0	0	0	0	10	0	0	0	0	0	0	0	0	0	1	0	0	0	0	14	0	0	0	0	42	0	0	0	0	175	0	0	0	0	0
FFQ	6	0	0	0	0	0	0	0	0	0	0	0	0	2	0	0	0	0	0	0	0	0	0	0	0	0	0	0	0	0	0	0	0	6	0	0	0	0	60	0	0	0	175	0
FFQ	7	0	0	0	0	0	0	0	0	0	0	0	0	0	0	0	0	0	0	0	0	0	0	0	0	0	0	0	2	0	0	0	0	9	0	0	0	0	19	0	0	0	213	0
FFQ	8	0	0	1	0	0	0	0	0	0	0	0	0	1	0	0	0	0	0	0	0	0	0	2	0	0	0	0	2	0	0	0	0	6	0	0	0	0	23	0	0	0	208	0
FFQ	9	0	0	0	0	0	0	0	0	0	0	0	0	0	0	0	0	0	0	0	0	0	0	3	0	0	0	0	14	0	0	0	0	15	0	0	0	0	36	0	0	0	175	0
FFQ	10	0	0	0	0	0	0	0	0	0	0	0	0	1	0	0	0	0	0	0	0	0	0	0	0	0	0	0	1	0	0	0	0	6	0	0	0	0	21	0	0	0	214	0
FFQ	11	0	0	0	0	0	0	0	0	0	0	0	0	1	0	0	0	0	0	0	0	0	0	0	0	0	0	0	1	0	0	0	0	4	0	0	0	0	16	0	0	0	221	0
FFQ	12	0	0	0	0	0	0	0	0	0	0	0	0	2	0	0	0	0	0	0	0	0	0	2	0	0	0	0	1	0	0	0	0	6	0	0	0	0	19	0	0	0	213	0
FFQ	13	0	0	0	0	0	0	0	0	0	0	0	0	2	0	0	0	0	0	0	0	0	0	1	0	0	0	0	10	0	0	0	0	11	0	0	0	0	39	0	0	0	180	0
FFQ	14	0	0	1	0	0	0	0	0	0	0	0	0	1	0	0	0	0	0	0	0	0	0	3	0	0	0	0	4	0	0	0	0	13	0	0	0	0	26	0	0	0	195	0
FFQ	15	0	0	0	0	0	0	0	0	0	0	0	0	16	0	0	0	0	0	0	0	0	0	14	0	0	0	0	17	0	0	0	0	28	0	0	0	0	56	0	0	0	112	0
FFQ	16	0	0	0	0	0	0	0	0	0	0	0	0	1	0	0	0	0	0	0	0	0	0	2	0	0	0	0	5	0	0	0	0	13	0	0	0	0	45	0	0	0	177	0
FFQ	17	0	0	0	0	0	0	0	0	0	0	0	0	7	0	0	0	0	0	0	0	0	0	6	0	0	0	0	13	0	0	0	0	21	0	0	0	0	48	0	0	0	148	0
FFQ	18	0	0	1	0	0	0	0	0	0	0	0	0	6	0	0	0	0	0	0	0	0	0	2	0	0	0	0	5	0	0	0	0	14	0	0	0	0	36	0	0	0	179	0
FFQ	19	0	0	0	0	0	0	0	0	0	0	0	0	18	0	0	0	0	0	0	0	0	0	12	0	0	0	0	24	0	0	0	0	27	0	0	0	0	69	0	0	0	93	0
FFQ	20	0	0	0	0	0	0	0	0	0	0	0	0	5	0	0	0	0	0	0	0	0	0	6	0	0	0	0	19	0	0	0	0	20	0	0	0	0	71	0	0	0	122	0
FFQ	21	0	0	0	0	0	0	0	0	0	0	0	0	2	0	0	0	0	0	0	0	0	0	2	0	0	0	0	5	0	0	0	0	9	0	0	0	0	42	0	0	0	183	0
FFQ	22	0	0	1	0	0	0	0	0	0	0	0	0	5	0	0	0	0	0	0	0	0	0	4	0	0	0	0	12	0	0	0	0	14	0	0	0	0	53	0	0	0	154	0
FFQ	23	0	0	0	0	0	0	0	0	0	0	0	0	4	0	0	0	0	0	0	0	0	0	5	0	0	0	0	6	0	0	0	0	8	0	0	0	0	29	0	0	0	191	0
FFQ	24	0	0	0	0	0	0	0	0	0	0	0	0	9	0	0	0	0	0	0	0	0	0	8	0	0	0	0	10	0	0	0	0	17	0	0	0	0	45	0	0	0	154	0
FFQ	25	0	0	0	0	0	0	0	0	0	0	0	0	8	0	0	0	0	0	0	0	0	0	6	0	0	0	0	14	0	0	0	0	14	0	0	0	0	62	0	0	0	139	0
FFQ	26	0	0	0	0	0	0	0	0	0	0	0	0	99	0	0	0	0	0	0	0	0	0	20	0	0	0	0	27	0	0	0	0	18	0	0	0	0	44	0	0	0	35	0
FFQ	27	0	0	0	0	0	0	0	0	0	0	0	0	2	0	0	0	0	0	0	0	0	0	5	0	0	0	0	12	0	0	0	0	12	0	0	0	0	83	0	0	0	129	0
FFQ	28	0	0	0	0	0	0	0	0	0	0	0	0	46	0	0	0	0	0	0	0	0	0	22	0	0	0	0	21	0	0	0	0	27	0	0	0	0	49	0	0	0	78	0
FFQ	29	0	0	0	0	0	0	0	0	0	0	0	0	43	0	0	0	0	0	0	0	0	0	14	0	0	0	0	31	0	0	0	0	22	0	0	0	0	63	0	0	0	70	0
FFQ	30	0	0	1	0	0	0	0	0	0	0	0	0	10	0	0	0	0	0	0	0	0	0	10	0	0	0	0	18	0	0	0	0	24	0	0	0	0	67	0	0	0	113	0
FFQ	31	0	0	0	0	0	0	0	0	0	0	0	0	4	0	0	0	0	0	0	0	0	0	0	0	0	0	0	9	0	0	0	0	7	0	0	0	0	50	0	0	0	173	0
FFQ	32	0	0	0	0	0	0	0	0	0	0	0	0	24	0	0	0	0	0	0	0	0	0	10	0	0	0	0	13	0	0	0	0	25	0	0	0	0	67	0	0	0	104	0
FFQ	33	0	0	0	0	0	0	0	0	0	0	0	0	3	0	0	0	0	0	0	0	0	0	0	0	0	0	0	5	0	0	0	0	8	0	0	0	0	34	0	0	0	193	0
FFQ	34	0	0	0	0	0	0	0	0	0	0	0	0	4	0	0	0	0	0	0	0	0	0	3	0	0	0	0	8	0	0	0	0	17	0	0	0	0	42	0	0	0	169	0
FFQ	35	0	0	0	0	0	0	0	0	0	0	0	0	3	0	0	0	0	0	0	0	0	0	2	0	0	0	0	4	0	0	0	0	7	0	0	0	0	45	0	0	0	182	0
FFQ	36	0	0	0	0	0	0	0	0	0	0	0	0	11	0	0	0	0	0	0	0	0	0	13	0	0	0	0	14	0	0	0	0	15	0	0	0	0	58	0	0	0	132	0
FFQ	37	0	0	0	0	0	0	0	0	0	0	0	0	10	0	0	0	0	0	0	0	0	0	10	0	0	0	0	15	0	0	0	0	21	0	0	0	0	34	0	0	0	153	0
FFQ	38	0	0	0	0	0	0	0	0	0	0	0	0	3	0	0	0	0	0	0	0	0	0	1	0	0	0	0	9	0	0	0	0	4	0	0	0	0	45	0	0	0	181	0
FFQ	39	0	0	0	0	0	0	0	0	0	0	0	0	5	0	0	0	0	0	0	0	0	0	3	0	0	0	0	5	0	0	0	0	12	0	0	0	0	36	0	0	0	182	0
FFQ	40	0	0	0	0	0	0	0	0	0	0	0	0	6	0	0	0	0	0	0	0	0	0	6	0	0	0	0	8	0	0	0	0	9	0	0	0	0	53	0	0	0	161	0
FFQ	41	0	0	0	0	0	0	0	0	0	0	0	0	19	0	0	0	0	0	0	0	0	0	7	0	0	0	0	11	0	0	0	0	21	0	0	0	0	57	0	0	0	128	0
FFQ	42	0	0	0	0	0	0	0	0	0	0	0	0	9	0	0	0	0	0	0	0	0	0	9	0	0	0	0	15	0	0	0	0	25	0	0	0	0	53	0	0	0	132	0
FFQ	43	0	0	0	0	0	0	0	0	0	0	0	0	16	0	0	0	0	0	0	0	0	0	7	0	0	0	0	18	0	0	0	0	14	0	0	0	0	49	0	0	0	139	0
FFQ	44	0	0	0	0	0	0	0	0	0	0	0	0	11	0	0	0	0	0	0	0	0	0	8	0	0	0	0	20	0	0	0	0	10	0	0	0	0	58	0	0	0	136	0
FFQ	45	0	0	0	0	0	0	0	0	0	0	0	0	4	0	0	0	0	0	0	0	0	0	3	0	0	0	0	10	0	0	0	0	7	0	0	0	0	50	0	0	0	169	0
FFQ	46	0	0	0	0	0	0	0	0	0	0	0	0	31	0	0	0	0	0	0	0	0	0	9	0	0	0	0	24	0	0	0	0	23	0	0	0	0	60	0	0	0	96	0
FFQ	47	0	0	0	0	0	0	0	0	0	0	0	0	28	0	0	0	0	0	0	0	0	0	9	0	0	0	0	21	0	0	0	0	33	0	0	0	0	61	0	0	0	91	0
FFQ	48	0	0	0	0	0	0	0	0	0	0	0	0	17	0	0	0	0	0	0	0	0	0	15	0	0	0	0	20	0	0	0	0	11	0	0	0	0	68	0	0	0	112	0
FFQ	49	0	0	0	0	0	0	0	0	0	0	0	0	3	0	0	0	0	0	0	0	0	0	3	0	0	0	0	9	0	0	0	0	12	0	0	0	0	44	0	0	0	172	0
FFQ	50	0	0	0	0	0	0	0	0	0	0	0	0	1	0	0	0	0	0	0	0	0	0	3	0	0	0	0	4	0	0	0	0	6	0	0	0	0	42	0	0	0	187	0
FFQ	51	0	0	0	0	0	0	0	0	0	0	0	0	9	0	0	0	0	0	0	0	0	0	5	0	0	0	0	9	0	0	0	0	9	0	0	0	0	43	0	0	0	168	0
FFQ	52	0	0	3	0	0	0	0	0	0	0	0	0	24	0	0	0	0	0	0	0	0	0	8	0	0	0	0	11	0	0	0	0	27	0	0	0	0	51	0	0	0	119	0
FFQ	53	0	0	0	0	0	0	0	0	0	0	0	0	8	0	0	0	0	0	0	0	0	0	8	0	0	0	0	15	0	0	0	0	14	0	0	0	0	62	0	0	0	135	0
FFQ	54	0	0	0	0	0	0	0	0	0	0	0	0	10	0	0	0	0	0	0	0	0	0	9	0	0	0	0	14	0	0	0	0	20	0	0	0	0	50	0	0	0	138	0
FFQ	55	0	0	0	0	0	0	0	0	0	0	0	0	8	0	0	0	0	0	0	0	0	0	5	0	0	0	0	16	0	0	0	0	14	0	0	0	0	54	0	0	0	143	0
FFQ	56	0	0	0	0	0	0	0	0	0	0	0	0	20	0	0	0	0	0	0	0	0	0	9	0	0	0	0	10	0	0	0	0	26	0	0	0	0	49	0	0	0	124	0
FFQ	57	0	0	11	0	0	0	0	0	0	0	0	0	38	0	0	0	0	0	0	0	0	0	22	0	0	0	0	25	0	0	0	0	20	0	0	0	0	59	0	0	0	59	0
FFQ	58	0	0	0	0	0	0	0	0	0	0	0	0	12	0	0	0	0	0	0	0	0	0	11	0	0	0	0	20	0	0	0	0	20	0	0	0	0	69	0	0	0	98	0
FFQ	59	0	0	0	0	0	0	0	0	0	0	0	0	35	0	0	0	0	0	0	0	0	0	7	0	0	0	0	31	0	0	0	0	26	0	0	0	0	73	0	0	0	58	0
FFQ	60	0	0	0	0	0	0	0	0	0	0	0	0	19	0	0	0	0	0	0	0	0	0	16	0	0	0	0	18	0	0	0	0	21	0	0	0	0	70	0	0	0	86	0
FFQ	61	0	0	0	0	0	0	0	0	0	0	0	0	56	0	0	0	0	0	0	0	0	0	23	0	0	0	0	24	0	0	0	0	26	0	0	0	0	52	0	0	0	47	0
FFQ	62	0	0	0	0	0	0	0	0	0	0	0	0	1	0	0	0	0	0	0	0	0	0	6	0	0	0	0	17	0	0	0	0	21	0	0	0	0	65	0	0	0	117	0
FFQ	63	0	0	7	0	0	0	0	0	0	0	0	0	30	0	0	0	0	0	0	0	0	0	5	0	0	0	0	28	0	0	0	0	22	0	0	0	0	54	0	0	0	75	0
FFQ	64	0	0	4	0	0	0	0	0	0	0	0	0	24	0	0	0	0	0	0	0	0	0	16	0	0	0	0	22	0	0	0	0	28	0	0	0	0	59	0	0	0	67	0
FFQ	65	0	0	0	0	0	0	0	0	0	0	0	0	32	0	0	0	0	0	0	0	0	0	14	0	0	0	0	18	0	0	0	0	25	0	0	0	0	51	0	0	0	80	0
FFQ	66	0	0	0	0	0	0	0	0	0	0	0	0	6	0	0	0	0	0	0	0	0	0	11	0	0	0	0	14	0	0	0	0	30	0	0	0	0	62	0	0	0	97	0
FFQ	67	0	0	2	0	0	0	0	0	0	0	0	0	5	0	0	0	0	0	0	0	0	0	3	0	0	0	0	3	0	0	0	0	21	0	0	0	0	43	0	0	0	141	0
FFQ	68	0	0	0	0	0	0	0	0	0	0	0	0	4	0	0	0	0	0	0	0	0	0	7	0	0	0	0	10	0	0	0	0	22	0	0	0	0	44	0	0	0	130	0
FFQ	69	0	0	0	0	0	0	0	0	0	0	0	0	0	0	0	0	0	0	0	0	0	0	0	0	0	0	0	4	0	0	0	0	7	0	0	0	0	32	0	0	0	174	0
FFQ	70	0	0	0	0	0	0	0	0	0	0	0	0	4	0	0	0	0	0	0	0	0	0	3	0	0	0	0	8	0	0	0	0	8	0	0	0	0	45	0	0	0	149	0
FFQ	71	0	0	0	0	0	0	0	0	0	0	0	0	2	0	0	0	0	0	0	0	0	0	1	0	0	0	0	6	0	0	0	0	11	0	0	0	0	30	0	0	0	167	0
FFQ	72	0	0	0	0	0	0	0	0	0	0	0	0	11	0	0	0	0	0	0	0	0	0	10	0	0	0	0	8	0	0	0	0	20	0	0	0	0	40	0	0	0	128	0
FFQ	73	0	0	0	0	0	0	0	0	0	0	0	0	7	0	0	0	0	0	0	0	0	0	5	0	0	0	0	6	0	0	0	0	16	0	0	0	0	33	0	0	0	150	0
FFQ	74	0	0	0	0	0	0	0	0	0	0	0	0	26	0	0	0	0	0	0	0	0	0	13	0	0	0	0	15	0	0	0	0	25	0	0	0	0	51	0	0	0	87	0
FFQ	75	0	0	0	0	0	0	0	0	0	0	0	0	7	0	0	0	0	0	0	0	0	0	5	0	0	0	0	9	0	0	0	0	14	0	0	0	0	43	0	0	0	139	0
FFQ	76	0	0	0	0	0	0	0	0	0	0	0	0	4	0	0	0	0	0	0	0	0	0	18	0	0	0	0	10	0	0	0	0	40	0	0	0	0	72	0	0	0	73	0
FFQ	77	0	0	0	0	0	0	0	0	0	0	0	0	11	0	0	0	0	0	0	0	0	0	10	0	0	0	0	14	0	0	0	0	34	0	0	0	0	74	0	0	0	73	0
FFQ	78	0	0	0	0	0	0	0	0	0	0	0	0	4	0	0	0	0	0	0	0	0	0	9	0	0	0	0	4	0	0	0	0	21	0	0	0	0	54	0	0	0	124	0
FFQ	79	0	0	0	0	0	0	0	0	0	0	0	0	2	0	0	0	0	0	0	0	0	0	3	0	0	0	0	2	0	0	0	0	12	0	0	0	0	39	0	0	0	158	0
FFQ	80	0	0	4	0	0	0	0	0	0	0	0	0	77	0	0	0	0	0	0	0	0	0	18	0	0	0	0	26	0	0	0	0	29	0	0	0	0	28	0	0	0	31	0
FFQ	81	0	0	0	0	0	0	0	0	0	0	0	0	5	0	0	0	0	0	0	0	0	0	17	0	0	0	0	15	0	0	0	0	36	0	0	0	0	72	0	0	0	68	0
FFQ	82	0	0	9	0	0	0	0	0	0	0	0	0	23	0	0	0	0	0	0	0	0	0	14	0	0	0	0	14	0	0	0	0	32	0	0	0	0	46	0	0	0	69	0
FFQ	83	0	0	0	0	0	0	0	0	0	0	0	0	5	0	0	0	0	0	0	0	0	0	8	0	0	0	0	10	0	0	0	0	33	0	0	0	0	57	0	0	0	94	0
FFQ	84	0	0	0	0	0	0	0	0	0	0	0	0	27	0	0	0	0	0	0	0	0	0	12	0	0	0	0	18	0	0	0	0	27	0	0	0	0	47	0	0	0	74	0
FFQ	85	0	0	3	0	0	0	0	0	0	0	0	0	26	0	0	0	0	0	0	0	0	0	16	0	0	0	0	18	0	0	0	0	35	0	0	0	0	50	0	0	0	55	0
FFQ	86	0	0	0	0	0	0	0	0	0	0	0	0	61	0	0	0	0	0	0	0	0	0	23	0	0	0	0	18	0	0	0	0	30	0	0	0	0	34	0	0	0	35	0
FFQ	87	0	0	0	0	0	0	0	0	0	0	0	0	11	0	0	0	0	0	0	0	0	0	21	0	0	0	0	18	0	0	0	0	36	0	0	0	0	51	0	0	0	64	0
FFQ	88	0	0	0	0	0	0	0	0	0	0	0	0	16	0	0	0	0	0	0	0	0	0	11	0	0	0	0	12	0	0	0	0	24	0	0	0	0	54	0	0	0	80	0
FFQ	89	0	0	0	0	0	0	0	0	0	0	0	0	20	0	0	0	0	0	0	0	0	0	12	0	0	0	0	17	0	0	0	0	25	0	0	0	0	53	0	0	0	69	0
FFQ	90	0	0	0	0	0	0	0	0	0	0	0	0	3	0	0	0	0	0	0	0	0	0	9	0	0	0	0	9	0	0	0	0	20	0	0	0	0	56	0	0	0	98	0
FFQ	91	0	0	0	0	0	0	0	0	0	0	0	0	13	0	0	0	0	0	0	0	0	0	7	0	0	0	0	14	0	0	0	0	22	0	0	0	0	43	0	0	0	96	0
FFQ	92	0	0	0	0	0	0	0	0	0	0	0	0	10	0	0	0	0	0	0	0	0	0	7	0	0	0	0	15	0	0	0	0	25	0	0	0	0	45	0	0	0	92	0
FFQ	93	0	0	0	0	0	0	0	0	0	0	0	0	39	0	0	0	0	0	0	0	0	0	19	0	0	0	0	16	0	0	0	0	22	0	0	0	0	46	0	0	0	51	0
FFQ	94	0	0	0	0	0	0	0	0	0	0	0	0	18	0	0	0	0	0	0	0	0	0	10	0	0	0	0	11	0	0	0	0	21	0	0	0	0	51	0	0	0	80	0
FFQ	95	0	0	0	0	0	0	0	0	0	0	0	0	2	0	0	0	0	0	0	0	0	0	4	0	0	0	0	5	0	0	0	0	24	0	0	0	0	45	0	0	0	110	0
FFQ	96	0	0	1	0	0	0	0	0	0	0	0	0	82	0	0	0	0	0	0	0	0	0	15	0	0	0	0	16	0	0	0	0	20	0	0	0	0	22	0	0	0	33	0
FFQ	97	0	0	0	0	0	0	0	0	0	0	0	0	8	0	0	0	0	0	0	0	0	0	20	0	0	0	0	9	0	0	0	0	38	0	0	0	0	59	0	0	0	55	0
FFQ	98	0	0	0	0	0	0	0	0	0	0	0	0	27	0	0	0	0	0	0	0	0	0	22	0	0	0	0	17	0	0	0	0	39	0	0	0	0	52	0	0	0	29	0
FFQ	99	0	0	0	0	0	0	0	0	0	0	0	0	20	0	0	0	0	0	0	0	0	0	20	0	0	0	0	19	0	0	0	0	48	0	0	0	0	30	0	0	0	48	0
FFQ	100	0	0	0	0	0	0	0	0	0	0	0	0	8	0	0	0	0	0	0	0	0	0	16	0	0	0	0	19	0	0	0	0	27	0	0	0	0	53	0	0	0	62	0
FFQ	101	0	0	0	0	0	0	0	0	0	0	0	0	11	0	0	0	0	0	0	0	0	0	18	0	0	0	0	12	0	0	0	0	34	0	0	0	0	51	0	0	0	58	0
FFQ	102	0	0	0	0	0	0	0	0	0	0	0	0	12	0	0	0	0	0	0	0	0	0	13	0	0	0	0	16	0	0	0	0	35	0	0	0	0	41	0	0	0	63	0
FFQ	103	0	0	0	0	0	0	0	0	0	0	0	0	27	0	0	0	0	0	0	0	0	0	20	0	0	0	0	11	0	0	0	0	23	0	0	0	0	42	0	0	0	54	0
FFQ	104	0	0	0	0	0	0	0	0	0	0	0	0	10	0	0	0	0	0	0	0	0	0	16	0	0	0	0	20	0	0	0	0	38	0	0	0	0	45	0	0	0	48	0
FFQ	105	0	0	1	0	0	0	0	0	0	0	0	0	14	0	0	0	0	0	0	0	0	0	13	0	0	0	0	14	0	0	0	0	36	0	0	0	0	45	0	0	0	54	0
FFQ	106	0	0	0	0	0	0	0	0	0	0	0	0	5	0	0	0	0	0	0	0	0	0	6	0	0	0	0	8	0	0	0	0	25	0	0	0	0	49	0	0	0	82	0
FFQ	107	0	0	0	0	0	0	0	0	0	0	0	0	4	0	0	0	0	0	0	0	0	0	6	0	0	0	0	10	0	0	0	0	24	0	0	0	0	37	0	0	0	93	0
FFQ	108	0	0	0	0	0	0	0	0	0	0	0	0	61	0	0	0	0	0	0	0	0	0	20	0	0	0	0	15	0	0	0	0	13	0	0	0	0	33	0	0	0	31	0
FFQ	109	0	0	0	0	0	0	0	0	0	0	0	0	8	0	0	0	0	0	0	0	0	0	21	0	0	0	0	10	0	0	0	0	24	0	0	0	0	52	0	0	0	57	0
FFQ	110	0	0	0	0	0	0	0	0	0	0	0	0	31	0	0	0	0	0	0	0	0	0	13	0	0	0	0	23	0	0	0	0	25	0	0	0	0	31	0	0	0	46	0
FFQ	111	0	0	0	0	0	0	0	0	0	0	0	0	24	0	0	0	0	0	0	0	0	0	16	0	0	0	0	23	0	0	0	0	31	0	0	0	0	50	0	0	0	24	0
FFQ	112	0	0	0	0	0	0	0	0	0	0	0	0	8	0	0	0	0	0	0	0	0	0	8	0	0	0	0	17	0	0	0	0	29	0	0	0	0	47	0	0	0	58	0
FFQ	113	0	0	0	0	0	0	0	0	0	0	0	0	1	0	0	0	0	0	0	0	0	0	2	0	0	0	0	7	0	0	0	0	12	0	0	0	0	48	0	0	0	96	0
FFQ	114	0	0	0	0	0	0	0	0	0	0	0	0	41	0	0	0	0	0	0	0	0	0	17	0	0	0	0	18	0	0	0	0	21	0	0	0	0	42	0	0	0	24	0
FFQ	115	0	0	0	0	0	0	0	0	0	0	0	0	36	0	0	0	0	0	0	0	0	0	32	0	0	0	0	11	0	0	0	0	24	0	0	0	0	41	0	0	0	14	0
FFQ	116	0	0	0	0	0	0	0	0	0	0	0	0	35	0	0	0	0	0	0	0	0	0	24	0	0	0	0	20	0	0	0	0	27	0	0	0	0	25	0	0	0	20	0
FFQ	117	0	0	0	0	0	0	0	0	0	0	0	0	11	0	0	0	0	0	0	0	0	0	24	0	0	0	0	15	0	0	0	0	38	0	0	0	0	41	0	0	0	21	0
FFQ	118	0	0	0	0	0	0	0	0	0	0	0	0	61	0	0	0	0	0	0	0	0	0	10	0	0	0	0	16	0	0	0	0	24	0	0	0	0	20	0	0	0	9	0
FFQ	119	0	0	0	0	0	0	0	0	0	0	0	0	40	0	0	0	0	0	0	0	0	0	35	0	0	0	0	9	0	0	0	0	22	0	0	0	0	24	0	0	0	9	0
FFQ	120	0	0	0	0	0	0	0	0	0	0	0	0	3	0	0	0	0	0	0	0	0	0	17	0	0	0	0	20	0	0	0	0	26	0	0	0	0	53	0	0	0	19	0
FFQ	121	0	0	0	0	0	0	0	0	0	0	0	0	57	0	0	0	0	0	0	0	0	0	18	0	0	0	0	11	0	0	0	0	15	0	0	0	0	14	0	0	0	13	0
FFQ	122	0	0	0	0	0	0	0	0	0	0	0	0	49	0	0	0	0	0	0	0	0	0	31	0	0	0	0	5	0	0	0	0	14	0	0	0	0	15	0	0	0	13	0
FFQ	123	0	0	0	0	0	0	0	0	0	0	0	0	16	0	0	0	0	0	0	0	0	0	46	0	0	0	0	8	0	0	0	0	14	0	0	0	0	27	0	0	0	12	0
FFQ	124	0	0	0	0	0	0	0	0	0	0	0	0	14	0	0	0	0	0	0	0	0	0	9	0	0	0	0	20	0	0	0	0	21	0	0	0	0	41	0	0	0	15	0
FFQ	125	0	0	0	0	0	0	0	0	0	0	0	0	10	0	0	0	0	0	0	0	0	0	12	0	0	0	0	19	0	0	0	0	23	0	0	0	0	29	0	0	0	26	0
FFQ	126	0	0	0	0	0	0	0	0	0	0	0	0	4	0	0	0	0	0	0	0	0	0	4	0	0	0	0	6	0	0	0	0	10	0	0	0	0	38	0	0	0	57	0
FFQ	127	0	0	0	0	0	0	0	0	0	0	0	0	9	0	0	0	0	0	0	0	0	0	8	0	0	0	0	7	0	0	0	0	17	0	0	0	0	36	0	0	0	41	0
FFQ	128	0	0	0	0	0	0	0	0	0	0	0	0	9	0	0	0	0	0	0	0	0	0	7	0	0	0	0	15	0	0	0	0	14	0	0	0	0	44	0	0	0	28	0
FFQ	129	0	0	0	0	0	0	0	0	0	0	0	0	13	0	0	0	0	0	0	0	0	0	6	0	0	0	0	13	0	0	0	0	17	0	0	0	0	35	0	0	0	32	0
FFQ	130	0	0	0	0	0	0	0	0	0	0	0	0	1	0	0	0	0	0	0	0	0	0	6	0	0	0	0	5	0	0	0	0	10	0	0	0	0	39	0	0	0	54	0
FFQ	131	0	0	0	0	0	0	0	0	0	0	0	0	43	0	0	0	0	0	0	0	0	0	13	0	0	0	0	9	0	0	0	0	9	0	0	0	0	22	0	0	0	14	0
FFQ	132	0	0	0	0	0	0	0	0	0	0	0	0	50	0	0	0	0	0	0	0	0	0	12	0	0	0	0	6	0	0	0	0	20	0	0	0	0	12	0	0	0	9	0
FFQ	133	0	0	0	0	0	0	0	0	0	0	0	0	11	0	0	0	0	0	0	0	0	0	14	0	0	0	0	16	0	0	0	0	19	0	0	0	0	36	0	0	0	12	0
FFQ	134	0	0	0	0	0	0	0	0	0	0	0	0	16	0	0	0	0	0	0	0	0	0	12	0	0	0	0	11	0	0	0	0	17	0	0	0	0	31	0	0	0	13	0
FFQ	135	0	0	0	0	0	0	0	0	0	0	0	0	17	0	0	0	0	0	0	0	0	0	10	0	0	0	0	17	0	0	0	0	13	0	0	0	0	26	0	0	0	16	0
FFQ	136	0	0	0	0	0	0	0	0	0	0	0	0	7	0	0	0	0	0	0	0	0	0	4	0	0	0	0	9	0	0	0	0	31	0	0	0	0	30	0	0	0	16	0
FFQ	137	0	0	0	0	0	0	0	0	0	0	0	0	17	0	0	0	0	0	0	0	0	0	9	0	0	0	0	7	0	0	0	0	23	0	0	0	0	23	0	0	0	14	0
FFQ	138	0	0	0	0	0	0	0	0	4	0	0	0	26	0	0	0	0	0	0	0	0	0	9	0	0	0	0	15	0	0	0	0	14	0	0	0	0	16	0	0	0	6	0
FFQ	139	0	0	0	0	0	0	0	0	3	0	0	0	25	0	0	0	0	0	0	0	0	0	18	0	0	0	0	11	0	0	0	0	14	0	0	0	0	9	0	0	0	7	0
FFQ	140	0	0	0	0	0	0	0	0	2	0	0	0	6	0	0	0	0	0	0	0	0	0	12	0	0	0	0	14	0	0	0	0	25	0	0	0	0	14	0	0	0	10	0
FFQ	141	0	0	0	0	0	0	0	0	0	0	0	0	5	0	0	0	0	0	0	0	0	0	11	0	0	0	0	10	0	0	0	0	17	0	0	0	0	24	0	0	0	15	0
FFQ	142	0	0	0	0	0	0	0	0	0	0	0	0	10	0	0	0	0	0	0	0	0	0	9	0	0	0	0	8	0	0	0	0	27	0	0	0	0	11	0	0	0	14	0
FFQ	143	0	0	0	0	0	0	0	0	0	0	0	0	11	0	0	0	0	0	0	0	0	0	9	0	0	0	0	12	0	0	0	0	28	0	0	0	0	11	0	0	0	6	0
FFQ	144	0	0	0	0	0	0	0	0	0	0	0	0	9	0	0	0	0	0	0	0	0	0	4	0	0	0	0	9	0	0	0	0	18	0	0	0	0	16	0	0	0	20	0
FFQ	145	0	0	0	0	0	0	0	0	0	0	0	0	21	0	0	0	0	0	0	0	0	0	8	0	0	0	0	13	0	0	0	0	9	0	0	0	0	13	0	0	0	7	0
FFQ	146	0	0	0	0	0	0	0	0	3	0	0	0	19	0	0	0	0	0	0	0	0	0	9	0	0	0	0	7	0	0	0	0	13	0	0	0	0	9	0	0	0	8	0
FFQ	147	0	0	0	0	0	0	0	0	1	0	0	0	19	0	0	0	0	0	0	0	0	0	13	0	0	0	0	7	0	0	0	0	8	0	0	0	0	9	0	0	0	5	0
FFQ	148	0	0	0	0	0	0	0	0	0	0	0	0	9	0	0	0	0	0	0	0	0	0	7	0	0	0	0	14	0	0	0	0	11	0	0	0	0	15	0	0	0	3	0
FFQ	149	0	0	0	0	0	0	0	0	1	0	0	0	7	0	0	0	0	0	0	0	0	0	9	0	0	0	0	12	0	0	0	0	10	0	0	0	0	8	0	0	0	8	0
FFQ	150	0	0	0	0	0	0	0	0	0	0	0	0	5	0	0	0	0	0	0	0	0	0	12	0	0	0	0	6	0	0	0	0	12	0	0	0	0	11	0	0	0	6	0
FFQ	151	0	0	0	0	0	0	0	0	0	0	0	0	0	0	0	0	0	0	0	0	0	0	10	0	0	0	0	9	0	0	0	0	9	0	0	0	0	9	0	0	0	6	0
FFQ	152	0	0	0	0	0	0	0	0	0	0	0	0	0	0	0	0	0	0	0	0	0	0	0	0	0	0	0	0	0	0	0	0	0	0	0	0	0	0	0	0	0	0	0
# Last Fragment Qualitites. Use `grep ^LFQ | cut -f 2-` to extract this part.
# Columns correspond to qualities and rows to cycles. First column is the cycle number.
LFQ	1	0	0	126	0	0	0	0	0	0	0	0	0	1	0	0	0	0	0	0	0	0	0	0	0	0	0	0	0	0	0	0	0	58	0	0	0	0	0	0	0	0	0	0
LFQ	2	0	0	0	0	0	0	0	0	0	0	0	0	2	0	0	0	0	0	0	0	0	0	0	0	0	0	0	8	0	0	0	0	175	0	0	0	0	0	0	0	0	0	0
LFQ	3	0	0	0	0	0	0	0	0	0	0	0	0	0	0	0	0	0	0	0	0	0	0	0	0	0	0	0	4	0	0	0	0	154	0	0	0	0	27	0	0	0	0	0
LFQ	4	0	0	3	0	0	0	0	0	0	0	0	0	27	0	0	0	0	0	0	0	0	0	1	0	0	0	0	20	0	0	0	0	76	0	0	0	0	58	0	0	0	0	0
LFQ	5	0	0	3	0	0	0	0	0	0	0	0	0	4	0	0	0	0	0	0	0	0	0	0	0	0	0	0	9	0	0	0	0	36	0	0	0	0	133	0	0	0	0	0
LFQ	6	0	0	0	0	0	0	0	0	0	0	0	0	5	0	0	0	0	0	0	0	0	0	1	0	0	0	0	3	0	0	0	0	9	0	0	0	0	53	0	0	0	114	0
LFQ	7	0	0	0	0	0	0	0	0	0	0	0	0	1	0	0	0	0	0	0	0	0	0	1	0	0	0	0	1	0	0	0	0	7	0	0	0	0	24	0	0	0	151	0
LFQ	8	0	0	8	0	0	0	0	0	0	0	0	0	36	0	0	0	0	0	0	0	0	0	11	0	0	0	0	25	0	0	0	0	22	0	0	0	0	36	0	0	0	47	0
LFQ	9	0	0	0	0	0	0	0	0	0	0	0	0	4	0	0	0	0	0	0	0	0	0	4	0	0	0	0	11	0	0	0	0	10	0	0	0	0	48	0	0	0	108	0
LFQ	10	0	0	2	0	0	0	0	0	0	0	0	0	7	0	0	0	0	0	0	0	0	0	7	0	0	0	0	18	0	0	0	0	9	0	0	0	0	44	0	0	0	98	0
LFQ	11	0	0	0	0	0	0	0	0	0	0	0	0	21	0	0	0	0	0	0	0	0	0	6	0	0	0	0	14	0	0	0	0	26	0	0	0	0	53	0	0	0	65	0
LFQ	12	0	0	0	0	0	0	0	0	0	0	0	0	10	0	0	0	0	0	0	0	0	0	9	0	0	0	0	12	0	0	0	0	14	0	0	0	0	50	0	0	0	90	0
LFQ	13	0	0	0	0	0	0	0	0	0	0	0	0	6	0	0	0	0	0	0	0	0	0	4	0	0	0	0	10	0	0	0	0	13	0	0	0	0	43	0	0	0	109	0
LFQ	14	0	0	3	0	0	0	0	0	0	0	0	0	16	0	0	0	0	0	0	0	0	0	2	0	0	0	0	10	0	0	0	0	16	0	0	0	0	44	0	0	0	94	0
LFQ	15	0	0	0	0	0	0	0	0	0	0	0	0	8	0	0	0	0	0	0	0	0	0	1	0	0	0	0	8	0	0	0	0	15	0	0	0	0	37	0	0	0	116	0
LFQ	16	0	0	0	0	0	0	0	0	0	0	0	0	1	0	0	0	0	0	0	0	0	0	4	0	0	0	0	11	0	0	0	0	10	0	0	0	0	37	0	0	0	122	0
LFQ	17	0	0	0	0	0	0	0	0	0	0	0	0	33	0	0	0	0	0	0	0	0	0	14	0	0	0	0	10	0	0	0	0	15	0	0	0	0	39	0	0	0	74	0
LFQ	18	0	0	5	0	0	0	0	0	0	0	0	0	15	0	0	0	0	0	0	0	0	0	3	0	0	0	0	10	0	0	0	0	18	0	0	0	0	47	0	0	0	87	0
LFQ	19	0	0	0	0	0	0	0	0	0	0	0	0	9	0	0	0	0	0	0	0	0	0	7	0	0	0	0	17	0	0	0	0	14	0	0	0	0	47	0	0	0	91	0
LFQ	20	0	0	0	0	0	0	0	0	0	0	0	0	4	0	0	0	0	0	0	0	0	0	4	0	0	0	0	9	0	0	0	0	7	0	0	0	0	36	0	0	0	125	0
LFQ	21	0	0	0	0	0	0	0	0	0	0	0	0	11	0	0	0	0	0	0	0	0	0	5	0	0	0	0	12	0	0	0	0	24	0	0	0	0	54	0	0	0	79	0
LFQ	22	0	0	6	0	0	0	0	0	0	0	0	0	18	0	0	0	0	0	0	0	0	0	12	0	0	0	0	14	0	0	0	0	14	0	0	0	0	37	0	0	0	84	0
LFQ	23	0	0	0	0	0	0	0	0	0	0	0	0	31	0	0	0	0	0	0	0	0	0	7	0	0	0	0	22	0	0	0	0	15	0	0	0	0	49	0	0	0	61	0
LFQ	24	0	0	0	0	0	0	0	0	0	0	0	0	3	0	0	0	0	0	0	0	0	0	4	0	0	0	0	15	0	0	0	0	10	0	0	0	0	49	0	0	0	104	0
LFQ	25	0	0	0	0	0	0	0	0	0	0	0	0	71	0	0	0	0	0	0	0	0	0	12	0	0	0	0	20	0	0	0	0	14	0	0	0	0	34	0	0	0	34	0
LFQ	26	0	0	2	0	0	0	0	0	0	0	0	0	9	0	0	0	0	0	0	0	0	0	8	0	0	0	0	27	0	0	0	0	13	0	0	0	0	60	0	0	0	66	0
LFQ	27	0	0	0	0	0	0	0	0	0	0	0	0	8	0	0	0	0	0	0	0	0	0	6	0	0	0	0	5	0	0	0	0	10	0	0	0	0	53	0	0	0	103	0
LFQ	28	0	0	1	0	0	0	0	0	0	0	0	0	1	0	0	0	0	0	0	0	0	0	5	0	0	0	0	5	0	0	0	0	14	0	0	0	0	37	0	0	0	122	0
LFQ	29	0	0	0	0	0	0	0	0	0	0	0	0	8	0	0	0	0	0	0	0	0	0	2	0	0	0	0	8	0	0	0	0	8	0	0	0	0	34	0	0	0	125	0
LFQ	30	0	0	6	0	0	0	0	0	0	0	0	0	7	0	0	0	0	0	0	0	0	0	4	0	0	0	0	12	0	0	0	0	6	0	0	0	0	33	0	0	0	117	0
LFQ	31	0	0	0	0	0	0	0	0	0	0	0	0	17	0	0	0	0	0	0	0	0	0	11	0	0	0	0	23	0	0	0	0	13	0	0	0	0	53	0	0	0	68	0
LFQ	32	0	0	0	0	0	0	0	0	0	0	0	0	26	0	0	0	0	0	0	0	0	0	6	0	0	0	0	19	0	0	0	0	18	0	0	0	0	50	0	0	0	66	0
LFQ	33	0	0	0	0	0	0	0	0	0	0	0	0	17	0	0	0	0	0	0	0	0	0	12	0	0	0	0	19	0	0	0	0	14	0	0	0	0	54	0	0	0	69	0
LFQ	34	0	0	0	0	0	0	0	0	0	0	0	0	28	0	0	0	0	0	0	0	0	0	13	0	0	0	0	26	0	0	0	0	22	0	0	0	0	47	0	0	0	49	0
LFQ	35	0	0	0	0	0	0	0	0	0	0	0	0	24	0	0	0	0	0	0	0	0	0	11	0	0	0	0	22	0	0	0	0	20	0	0	0	0	42	0	0	0	66	0
LFQ	36	0	0	0	0	0	0	0	0	0	0	0	0	19	0	0	0	0	0	0	0	0	0	16	0	0	0	0	20	0	0	0	0	17	0	0	0	0	47	0	0	0	66	0
LFQ	37	0	0	0	0	0	0	0	0	0	0	0	0	11	0	0	0	0	0	0	0	0	0	8	0	0	0	0	18	0	0	0	0	17	0	0	0	0	53	0	0	0	78	0
LFQ	38	0	0	0	0	0	0	0	0	0	0	0	0	5	0	0	0	0	0	0	0	0	0	5	0	0	0	0	12	0	0	0	0	13	0	0	0	0	32	0	0	0	118	0
LFQ	39	0	0	0	0	0	0	0	0	0	0	0	0	33	0	0	0	0	0	0	0	0	0	9	0	0	0	0	15	0	0	0	0	9	0	0	0	0	44	0	0	0	75	0
LFQ	40	0	0	0	0	0	0	0	0	0	0	0	0	10	0	0	0	0	0	0	0	0	0	12	0	0	0	0	17	0	0	0	0	22	0	0	0	0	36	0	0	0	88	0
LFQ	41	0	0	0	0	0	0	0	0	0	0	0	0	7	0	0	0	0	0	0	0	0	0	9	0	0	0	0	14	0	0	0	0	20	0	0	0	0	44	0	0	0	91	0
LFQ	42	0	0	0	0	0	0	0	0	0	0	0	0	21	0	0	0	0	0	0	0	0	0	12	0	0	0	0	12	0	0	0	0	24	0	0	0	0	45	0	0	0	71	0
LFQ	43	0	0	0	0	0	0	0	0	0	0	0	0	40	0	0	0	0	0	0	0	0	0	13	0	0	0	0	12	0	0	0	0	25	0	0	0	0	48	0	0	0	47	0
LFQ	44	0	0	0	0	0	0	0	0	0	0	0	0	24	0	0	0	0	0	0	0	0	0	15	0	0	0	0	22	0	0	0	0	23	0	0	0	0	35	0	0	0	66	0
LFQ	45	0	0	0	0	0	0	0	0	0	0	0	0	26	0	0	0	0	0	0	0	0	0	9	0	0	0	0	26	0	0	0	0	21	0	0	0	0	39	0	0	0	64	0
LFQ	46	0	0	0	0	0	0	0	0	0	0	0	0	8	0	0	0	0	0	0	0	0	0	11	0	0	0	0	20	0	0	0	0	20	0	0	0	0	45	0	0	0	81	0
LFQ	47	0	0	0	0	0	0	0	0	0	0	0	0	27	0	0	0	0	0	0	0	0	0	8	0	0	0	0	19	0	0	0	0	25	0	0	0	0	37	0	0	0	69	0
LFQ	48	0	0	0	0	0	0	0	0	0	0	0	0	10	0	0	0	0	0	0	0	0	0	6	0	0	0	0	18	0	0	0	0	24	0	0	0	0	50	0	0	0	77	0
LFQ	49	0	0	0	0	0	0	0	0	0	0	0	0	13	0	0	0	0	0	0	0	0	0	8	0	0	0	0	28	0	0	0	0	23	0	0	0	0	51	0	0	0	62	0
LFQ	50	0	0	0	0	0	0	0	0	0	0	0	0	10	0	0	0	0	0	0	0	0	0	10	0	0	0	0	15	0	0	0	0	31	0	0	0	0	45	0	0	0	74	0
LFQ	51	0	0	0	0	0	0	0	0	0	0	0	0	3	0	0	0	0	0	0	0	0	0	6	0	0	0	0	3	0	0	0	0	21	0	0	0	0	28	0	0	0	124	0
LFQ	52	0	0	10	0	0	0	0	0	0	0	0	0	11	0	0	0	0	0	0	0	0	0	6	0	0	0	0	13	0	0	0	0	18	0	0	0	0	39	0	0	0	87	0
LFQ	53	0	0	0	0	0	0	0	0	0	0	0	0	46	0	0	0	0	0	0	0	0	0	16	0	0	0	0	24	0	0	0	0	17	0	0	0	0	30	0	0	0	49	0
LFQ	54	0	0	0	0	0	0	0	0	0	0	0	0	17	0	0	0	0	0	0	0	0	0	12	0	0	0	0	20	0	0	0	0	30	0	0	0	0	42	0	0	0	59	0
LFQ	55	0	0	0	0	0	0	0	0	0	0	0	0	30	0	0	0	0	0	0	0	0	0	10	0	0	0	0	20	0	0	0	0	31	0	0	0	0	33	0	0	0	52	0
LFQ	56	0	0	0	0	0	0	0	0	0	0	0	0	61	0	0	0	0	0	0	0	0	0	9	0	0	0	0	21	0	0	0	0	19	0	0	0	0	29	0	0	0	33	0
LFQ	57	0	0	0	0	0	0	0	0	0	0	0	0	15	0	0	0	0	0	0	0	0	0	9	0	0	0	0	30	0	0	0	0	28	0	0	0	0	37	0	0	0	53	0
LFQ	58	0	0	0	0	0	0	0	0	0	0	0	0	10	0	0	0	0	0	0	0	0	0	12	0	0	0	0	13	0	0	0	0	20	0	0	0	0	47	0	0	0	65	0
LFQ	59	0	0	0	0	0	0	0	0	0	0	0	0	70	0	0	0	0	0	0	0	0	0	14	0	0	0	0	30	0	0	0	0	6	0	0	0	0	25	0	0	0	20	0
LFQ	60	0	0	0	0	0	0	0	0	0	0	0	0	10	0	0	0	0	0	0	0	0	0	28	0	0	0	0	20	0	0	0	0	31	0	0	0	0	42	0	0	0	33	0
LFQ	61	0	0	0	0	0	0	0	0	0	0	0	0	41	0	0	0	0	0	0	0	0	0	19	0	0	0	0	18	0	0	0	0	25	0	0	0	0	23	0	0	0	34	0
LFQ	62	0	0	0	0	0	0	0	0	0	0	0	0	38	0	0	0	0	0	0	0	0	0	24	0	0	0	0	20	0	0	0	0	18	0	0	0	0	23	0	0	0	36	0
LFQ	63	0	0	0	0	0	0	0	0	0	0	0	0	30	0	0	0	0	0	0	0	0	0	15	0	0	0	0	11	0	0	0	0	24	0	0	0	0	38	0	0	0	40	0
LFQ	64	0	0	0	0	0	0	0	0	0	0	0	0	4	0	0	0	0	0	0	0	0	0	14	0	0	0	0	12	0	0	0	0	20	0	0	0	0	41	0	0	0	66	0
LFQ	65	0	0	0	0	0	0	0	0	0	0	0	0	54	0	0	0	0	0	0	0	0	0	11	0	0	0	0	12	0	0	0	0	22	0	0	0	0	28	0	0	0	26	0
LFQ	66	0	0	0	0	0	0	0	0	0	0	0	0	14	0	0	0	0	0	0	0	0	0	13	0	0	0	0	10	0	0	0	0	27	0	0	0	0	41	0	0	0	48	0
LFQ	67	0	0	0	0	0	0	0	0	0	0	0	0	5	0	0	0	0	0	0	0	0	0	8	0	0	0	0	10	0	0	0	0	20	0	0	0	0	37	0	0	0	73	0
LFQ	68	0	0	0	0	0	0	0	0	0	0	0	0	16	0	0	0	0	0	0	0	0	0	12	0	0	0	0	14	0	0	0	0	20	0	0	0	0	33	0	0	0	56	0
LFQ	69	0	0	0	0	0	0	0	0	0	0	0	0	11	0	0	0	0	0	0	0	0	0	11	0	0	0	0	11	0	0	0	0	23	0	0	0	0	37	0	0	0	56	0
LFQ	70	0	0	0	0	0	0	0	0	0	0	0	0	19	0	0	0	0	0	0	0	0	0	7	0	0	0	0	12	0	0	0	0	22	0	0	0	0	33	0	0	0	55	0
LFQ	71	0	0	0	0	0	0	0	0	0	0	0	0	43	0	0	0	0	0	0	0	0	0	18	0	0	0	0	14	0	0	0	0	17	0	0	0	0	27	0	0	0	29	0
LFQ	72	0	0	0	0	0	0	0	0	0	0	0	0	13	0	0	0	0	0	0	0	0	0	11	0	0	0	0	8	0	0	0	0	28	0	0	0	0	45	0	0	0	43	0
LFQ	73	0	0	0	0	0	0	0	0	0	0	0	0	6	0	0	0	0	0	0	0	0	0	5	0	0	0	0	5	0	0	0	0	11	0	0	0	0	46	0	0	0	75	0
LFQ	74	0	0	0	0	0	0	0	0	0	0	0	0	3	0	0	0	0	0	0	0	0	0	2	0	0	0	0	2	0	0	0	0	18	0	0	0	0	44	0	0	0	78	0
LFQ	75	0	0	0	0	0	0	0	0	0	0	0	0	25	0	0	0	0	0	0	0	0	0	14	0	0	0	0	15	0	0	0	0	14	0	0	0	0	29	0	0	0	48	0
LFQ	76	0	0	0	0	0	0	0	0	0	0	0	0	51	0	0	0	0	0	0	0	0	0	23	0	0	0	0	13	0	0	0	0	21	0	0	0	0	21	0	0	0	15	0
LFQ	77	0	0	0	0	0	0	0	0	0	0	0	0	6	0	0	0	0	0	0	0	0	0	23	0	0	0	0	24	0	0	0	0	33	0	0	0	0	28	0	0	0	29	0
LFQ	78	0	0	0	0	0	0	0	0	0	0	0	0	41	0	0	0	0	0	0	0	0	0	19	0	0	0	0	15	0	0	0	0	28	0	0	0	0	18	0	0	0	21	0
LFQ	79	0	0	0	0	0	0	0	0	0	0	0	0	7	0	0	0	0	0	0	0	0	0	21	0	0	0	0	9	0	0	0	0	26	0	0	0	0	38	0	0	0	40	0
LFQ	80	0	0	0	0	0	0	0	0	0	0	0	0	4	0	0	0	0	0	0	0	0	0	5	0	0	0	0	6	0	0	0	0	15	0	0	0	0	35	0	0	0	74	0
LFQ	81	0	0	0	0	0	0	0	0	0	0	0	0	47	0	0	0	0	0	0	0	0	0	17	0	0	0	0	19	0	0	0	0	15	0	0	0	0	22	0	0	0	19	0
LFQ	82	0	0	0	0	0	0	0	0	0	0	0	0	21	0	0	0	0	0	0	0	0	0	13	0	0	0	0	18	0	0	0	0	34	0	0	0	0	16	0	0	0	37	0
LFQ	83	0	0	0	0	0	0	0	0	0	0	0	0	2	0	0	0	0	0	0	0	0	0	11	0	0	0	0	7	0	0	0	0	19	0	0	0	0	33	0	0	0	67	0
LFQ	84	0	0	0	0	0	0	0	0	0	0	0	0	8	0	0	0	0	0	0	0	0	0	8	0	0	0	0	6	0	0	0	0	17	0	0	0	0	22	0	0	0	75	0
LFQ	85	0	0	0	0	0	0	0	0	0	0	0	0	29	0	0	0	0	0	0	0	0	0	13	0	0	0	0	19	0	0	0	0	14	0	0	0	0	29	0	0	0	30	0
LFQ	86	0	0	0	0	0	0	0	0	0	0	0	0	21	0	0	0	0	0	0	0	0	0	19	0	0	0	0	13	0	0	0	0	16	0	0	0	0	29	0	0	0	36	0
LFQ	87	0	0	0	0	0	0	0	0	0	0	0	0	9	0	0	0	0	0	0	0	0	0	15	0	0	0	0	22	0	0	0	0	19	0	0	0	0	33	0	0	0	35	0
LFQ	88	0	0	1	0	0	0	0	0	0	0	0	0	7	0	0	0	0	0	0	0	0	0	6	0	0	0	0	11	0	0	0	0	24	0	0	0	0	30	0	0	0	54	0
LFQ	89	0	0	0	0	0	0	0	0	0	0	0	0	12	0	0	0	0	0	0	0	0	0	6	0	0	0	0	10	0	0	0	0	16	0	0	0	0	36	0	0	0	53	0
LFQ	90	0	0	1	0	0	0	0	0	0	0	0	0	11	0	0	0	0	0	0	0	0	0	10	0	0	0	0	13	0	0	0	0	16	0	0	0	0	38	0	0	0	40	0
LFQ	91	0	0	0	0	0	0	0	0	0	0	0	0	11	0	0	0	0	0	0	0	0	0	15	0	0	0	0	15	0	0	0	0	29	0	0	0	0	28	0	0	0	25	0
LFQ	92	0	0	0	0	0	0	0	0	0	0	0	0	29	0	0	0	0	0	0	0	0	0	8	0	0	0	0	11	0	0	0	0	16	0	0	0	0	34	0	0	0	25	0
LFQ	93	0	0	2	0	0	0	0	0	0	0	0	0	18	0	0	0	0	0	0	0	0	0	18	0	0	0	0	12	0	0	0	0	16	0	0	0	0	26	0	0	0	31	0
LFQ	94	0	0	0	0	0	0	0	0	0	0	0	0	16	0	0	0	0	0	0	0	0	0	17	0	0	0	0	13	0	0	0	0	18	0	0	0	0	27	0	0	0	28	0
LFQ	95	0	0	1	0	0	0	0	0	0	0	0	0	14	0	0	0	0	0	0	0	0	0	6	0	0	0	0	16	0	0	0	0	17	0	0	0	0	32	0	0	0	27	0
LFQ	96	0	0	0	0	0	0	0	0	0	0	0	0	18	0	0	0	0	0	0	0	0	0	13	0	0	0	0	19	0	0	0	0	10	0	0	0	0	27	0	0	0	26	0
LFQ	97	0	0	0	0	0	0	0	0	0	0	0	0	22	0	0	0	0	0	0	0	0	0	15	0	0	0	0	14	0	0	0	0	14	0	0	0	0	33	0	0	0	13	0
LFQ	98	0	0	1	0	0	0	0	0	0	0	0	0	17	0	0	0	0	0	0	0	0	0	7	0	0	0	0	9	0	0	0	0	14	0	0	0	0	34	0	0	0	26	0
LFQ	99	0	0	0	0	0	0	0	0	0	0	0	0	27	0	0	0	0	0	0	0	0	0	12	0	0	0	0	14	0	0	0	0	18	0	0	0	0	20	0	0	0	13	0
LFQ	100	0	0	0	0	0	0	0	0	0	0	0	0	9	0	0	0	0	0	0	0	0	0	16	0	0	0	0	13	0	0	0	0	15	0	0	0	0	22	0	0	0	25	0
LFQ	101	0	0	2	0	0	0	0	0	0	0	0	0	17	0	0	0	0	0	0	0	0	0	12	0	0	0	0	12	0	0	0	0	10	0	0	0	0	23	0	0	0	21	0
LFQ	102	0	0	0	0	0	0	0	0	1	0	0	0	11	0	0	0	0	0	0	0	0	0	13	0	0	0	0	8	0	0	0	0	25	0	0	0	0	20	0	0	0	17	0
LFQ	103	0	0	0	0	0	0	0	0	0	0	0	0	5	0	0	0	0	0	0	0	0	0	6	0	0	0	0	7	0	0	0	0	25	0	0	0	0	29	0	0	0	21	0
LFQ	104	0	0	0	0	0	0	0	0	0	0	0	0	35	0	0	0	0	0	0	0	0	0	10	0	0	0	0	8	0	0	0	0	9	0	0	0	0	18	0	0	0	9	0
LFQ	105	0	0	0	0	0	0	0	0	3	0	0	0	16	0	0	0	0	0	0	0	0	0	16	0	0	0	0	6	0	0	0	0	17	0	0	0	0	19	0	0	0	11	0
LFQ	106	0	0	0	0	0	0	0	0	0	0	0	0	6	0	0	0	0	0	0	0	0	0	13	0	0	0	0	16	0	0	0	0	11	0	0	0	0	22	0	0	0	18	0
LFQ	107	0	0	0	0	0	0	0	0	3	0	0	0	15	0	0	0	0	0	0	0	0	0	4	0	0	0	0	8	0	0	0	0	21	0	0	0	0	10	0	0	0	18	0
LFQ	108	0	0	0	0	0	0	0	0	1	0	0	0	9	0	0	0	0	0	0	0	0	0	7	0	0	0	0	10	0	0	0	0	15	0	0	0	0	17	0	0	0	20	0
LFQ	109	0	0	2	0	0	0	0	0	0	0	0	0	13	0	0	0	0	0	0	0	0	0	6	0	0	0	0	8	0	0	0	0	14	0	0	0	0	16	0	0	0	20	0
LFQ	110	0	0	0	0	0	0	0	0	0	0	0	0	5	0	0	0	0	0	0	0	0	0	1	0	0	0	0	16	0	0	0	0	12	0	0	0	0	21	0	0	0	24	0
LFQ	111	0	0	0	0	0	0	0	0	1	0	0	0	9	0	0	0	0	0	0	0	0	0	6	0	0	0	0	9	0	0	0	0	20	0	0	0	0	18	0	0	0	13	0
LFQ	112	0	0	1	0	0	0	0	0	4	0	0	0	14	0	0	0	0	0	0	0	0	0	10	0	0	0	0	5	0	0	0	0	10	0	0	0	0	12	0	0	0	15	0
LFQ	113	0	0	0	0	0	0	0	0	3	0	0	0	13	0	0	0	0	0	0	0	0	0	13	0	0	0	0	15	0	0	0	0	15	0	0	0	0	4	0	0	0	5	0
LFQ	114	0	0	0	0	0	0	0	0	1	0	0	0	7	0	0	0	0	0	0	0	0	0	17	0	0	0	0	10	0	0	0	0	15	0	0	0	0	4	0	0	0	10	0
LFQ	115	0	0	0	0	0	0	0	0	0	0	0	0	9	0	0	0	0	0	0	0	0	0	7	0	0	0	0	12	0	0	0	0	7	0	0	0	0	15	0	0	0	6	0
LFQ	116	0	0	0	0	0	0	0	0	0	0	0	0	11	0	0	0	0	0	0	0	0	0	2	0	0	0	0	10	0	0	0	0	5	0	0	0	0	15	0	0	0	7	0
LFQ	117	0	0	0	0	0	0	0	0	2	0	0	0	16	0	0	0	0	0	0	0	0	0	3	0	0	0	0	7	0	0	0	0	6	0	0	0	0	12	0	0	0	3	0
LFQ	118	0	0	0	0	0	0	0	0	0	0	0	0	11	0	0	0	0	0	0	0	0	0	7	0	0	0	0	9	0	0	0	0	6	0	0	0	0	9	0	0	0	5	0
LFQ	119	0	0	0	0	0	0	0	0	0	0	0	0	1	0	0	0	0	0	0	0	0	0	5	0	0	0	0	11	0	0	0	0	7	0	0	0	0	12	0	0	0	10	0
LFQ	120	0	0	0	0	0	0	0	0	0	0	0	0	7	0	0	0	0	0	0	0	0	0	2	0	0	0	0	7	0	0	0	0	9	0	0	0	0	10	0	0	0	9	0
LFQ	121	0	0	0	0	0	0	0	0	0	0	0	0	6	0	0	0	0	0	0	0	0	0	9	0	0	0	0	8	0	0	0	0	8	0	0	0	0	2	0	0	0	9	0
LFQ	122	0	0	0	0	0	0	0	0	0	0	0	0	9	0	0	0	0	0	0	0	0	0	4	0	0	0	0	6	0	0	0	0	4	0	0	0	0	8	0	0	0	11	0
LFQ	123	0	0	0	0	0	0	0	0	1	0	0	0	3	0	0	0	0	0	0	0	0	0	2	0	0	0	0	6	0	0	0	0	10	0	0	0	0	7	0	0	0	13	0
LFQ	124	0	0	0	0	0	0	0	0	0	0	0	0	5	0	0	0	0	0	0	0	0	0	5	0	0	0	0	6	0	0	0	0	6	0	0	0	0	5	0	0	0	15	0
LFQ	125	0	0	0	0	0	0	0	0	0	0	0	0	12	0	0	0	0	0	0	0	0	0	7	0	0	0	0	4	0	0	0	0	7	0	0	0	0	3	0	0	0	8	0
LFQ	126	0	0	0	0	0	0	0	0	1	0	0	0	4	0	0	0	0	0	0	0	0	0	5	0	0	0	0	6	0	0	0	0	8	0	0	0	0	9	0	0	0	5	0
LFQ	127	0	0	0	0	0	0	0	0	0	0	0	0	9	0	0	0	0	0	0	0	0	0	5	0	0	0	0	9	0	0	0	0	6	0	0	0	0	2	0	0	0	4	0
LFQ	128	0	0	0	0	0	0	0	0	0	0	0	0	3	0	0	0	0	0	0	0	0	0	7	0	0	0	0	7	0	0	0	0	6	0	0	0	0	8	0	0	0	3	0
LFQ	129	0	0	0	0	0	0	0	0	0	0	0	0	4	0	0	0	0	0	0	0	0	0	7	0	0	0	0	6	0	0	0	0	3	0	0	0	0	6	0	0	0	7	0
LFQ	130	0	0	0	0	0	0	0	0	0	0	0	0	6	0	0	0	0	0	0	0	0	0	3	0	0	0	0	5	0	0	0	0	5	0	0	0	0	7	0	0	0	7	0
LFQ	131	0	0	0	0	0	0	0	0	1	0	0	0	2	0	0	0	0	0	0	0	0	0	2	0	0	0	0	6	0	0	0	0	6	0	0	0	0	6	0	0	0	10	0
LFQ	132	0	0	0	0	0	0	0	0	0	0	0	0	7	0	0	0	0	0	0	0	0	0	4	0	0	0	0	3	0	0	0	0	9	0	0	0	0	3	0	0	0	5	0
LFQ	133	0	0	0	0	0	0	0	0	0	0	0	0	2	0	0	0	0	0	0	0	0	0	3	0	0	0	0	7	0	0	0	0	4	0	0	0	0	5	0	0	0	9	0
LFQ	134	0	0	0	0	0	0	0	0	0	0	0	0	4	0	0	0	0	0	0	0	0	0	4	0	0	0	0	4	0	0	0	0	3	0	0	0	0	5	0	0	0	7	0
LFQ	135	0	0	0	0	0	0	0	0	0	0	0	0	1	0	0	0	0	0	0	0	0	0	0	0	0	0	0	6	0	0	0	0	5	0	0	0	0	6	0	0	0	8	0
LFQ	136	0	0	0	0	0	0	0	0	1	0	0	0	6	0	0	0	0	0	0	0	0	0	3	0	0	0	0	2	0	0	0	0	4	0	0	0	0	4	0	0	0	6	0
LFQ	137	0	0	0	0	0	0	0	0	0	0	0	0	3	0	0	0	0	0	0	0	0	0	1	0	0	0	0	4	0	0	0	0	3	0	0	0	0	6	0	0	0	9	0
LFQ	138	0	0	0	0	0	0	0	0	1	0	0	0	6	0	0	0	0	0	0	0	0	0	1	0	0	0	0	4	0	0	0	0	2	0	0	0	0	1	0	0	0	10	0
LFQ	139	0	0	0	0	0	0	0	0	0	0	0	0	0	0	0	0	0	0	0	0	0	0	4	0	0	0	0	2	0	0	0	0	6	0	0	0	0	3	0	0	0	10	0
LFQ	140	0	0	0	0	0	0	0	0	0	0	0	0	5	0	0	0	0	0	0	0	0	0	1	0	0	0	0	5	0	0	0	0	2	0	0	0	0	5	0	0	0	3	0
LFQ	141	0	0	0	0	0	0	0	0	0	0	0	0	3	0	0	0	0	0	0	0	0	0	5	0	0	0	0	2	0	0	0	0	3	0	0	0	0	5	0	0	0	3	0
LFQ	142	0	0	0	0	0	0	0	0	1	0	0	0	4	0	0	0	0	0	0	0	0	0	3	0	0	0	0	5	0	0	0	0	1	0	0	0	0	3	0	0	0	2	0
LFQ	143	0	0	0	0	0	0	0	0	0	0	0	0	2	0	0	0	0	0	0	0	0	0	5	0	0	0	0	3	0	0	0	0	2	0	0	0	0	3	0	0	0	3	0
LFQ	144	0	0	0	0	0	0	0	0	0	0	0	0	3	0	0	0	0	0	0	0	0	0	2	0	0	0	0	6	0	0	0	0	1	0	0	0	0	4	0	0	0	2	0
LFQ	145	0	0	0	0	0	0	0	0	0	0	0	0	1	0	0	0	0	0	0	0	0	0	1	0	0	0	0	2	0	0	0	0	3	0	0	0	0	8	0	0	0	3	0
LFQ	146	0	0	0	0	0	0	0	0	0	0	0	0	0	0	0	0	0	0	0	0	0	0	2	0	0	0	0	3	0	0	0	0	2	0	0	0	0	6	0	0	0	5	0
LFQ	147	0	0	0	0	0	0	0	0	0	0	0	0	0	0	0	0	0	0	0	0	0	0	0	0	0	0	0	1	0	0	0	0	2	0	0	0	0	5	0	0	0	10	0
LFQ	148	0	0	0	0	0	0	0	0	0	0	0	0	4	0	0	0	0	0	0	0	0	0	1	0	0	0	0	4	0	0	0	0	1	0	0	0	0	2	0	0	0	5	0
LFQ	149	0	0	0	0	0	0	0	0	0	0	0	0	3	0	0	0	0	0	0	0	0	0	2	0	0	0	0	3	0	0	0	0	2	0	0	0	0	3	0	0	0	4	0
LFQ	150	0	0	0	0	0	0	0	0	0	0	0	0	2	0	0	0	0	0	0	0	0	0	1	0	0	0	0	3	0	0	0	0	2	0	0	0	0	3	0	0	0	4	0
LFQ	151	0	0	0	0	0	0	0	0	0	0	0	0	0	0	0	0	0	0	0	0	0	0	3	0	0	0	0	2	0	0	0	0	1	0	0	0	0	2	0	0	0	2	0
LFQ	152	0	0	0	0	0	0	0	0	0	0	0	0	0	0	0	0	0	0	0	0	0	0	0	0	0	0	0	0	0	0	0	0	0	0	0	0	0	0	0	0	0	0	0
# GC Content of first fragments. Use `grep ^GCF | cut -f 2-` to extract this part.
GCF	7.04	0
GCF	14.32	1
GCF	14.82	2
GCF	15.33	3
GCF	16.58	1
GCF	17.84	3
GCF	18.34	4
GCF	18.84	3
GCF	19.35	2
GCF	20.10	0
GCF	20.85	2
GCF	21.36	3
GCF	22.11	2
GCF	23.12	4
GCF	24.12	3
GCF	24.87	1
GCF	25.38	7
GCF	26.13	3
GCF	26.88	10
GCF	27.39	11
GCF	27.89	7
GCF	28.39	5
GCF	29.15	4
GCF	29.90	7
GCF	30.40	10
GCF	30.90	9
GCF	31.41	8
GCF	31.91	4
GCF	32.41	11
GCF	32.91	12
GCF	33.42	7
GCF	33.92	8
GCF	34.42	6
GCF	34.92	13
GCF	35.43	12
GCF	35.93	6
GCF	36.43	8
GCF	36.93	5
GCF	37.44	9
GCF	37.94	13
GCF	38.44	10
GCF	38.94	11
GCF	39.45	13
GCF	39.95	11
GCF	40.45	13
GCF	40.95	9
GCF	41.46	6
GCF	41.96	13
GCF	42.46	18
GCF	42.96	16
GCF	43.47	8
GCF	43.97	7
GCF	44.47	6
GCF	44.97	4
GCF	45.73	8
GCF	46.48	6
GCF	47.49	2
GCF	48.49	0
GCF	48.99	1
GCF	49.75	2
GCF	50.50	3
GCF	51.26	2
GCF	52.26	0
GCF	53.02	1
GCF	53.52	0
GCF	54.27	1
GCF	56.03	0
GCF	57.54	1
GCF	58.79	0
GCF	60.30	1
# GC Content of last fragments. Use `grep ^GCL | cut -f 2-` to extract this part.
GCL	3.52	0
GCL	7.29	1
GCL	8.29	2
GCL	9.55	1
GCL	11.31	0
GCL	12.81	2
GCL	13.32	1
GCL	14.57	0
GCL	16.08	2
GCL	17.09	0
GCL	18.59	1
GCL	19.85	2
GCL	20.35	3
GCL	20.85	4
GCL	21.36	5
GCL	21.86	8
GCL	22.36	9
GCL	22.86	4
GCL	23.37	1
GCL	23.87	0
GCL	24.37	1
GCL	24.87	4
GCL	25.38	5
GCL	25.88	4
GCL	26.38	3
GCL	26.88	4
GCL	27.39	5
GCL	27.89	4
GCL	28.39	5
GCL	29.15	6
GCL	29.90	8
GCL	30.65	5
GCL	31.41	9
GCL	32.16	8
GCL	32.91	7
GCL	33.42	5
GCL	33.92	4
GCL	34.67	7
GCL	35.43	4
GCL	35.93	7
GCL	36.43	9
GCL	36.93	5
GCL	37.44	8
GCL	38.19	11
GCL	38.94	12
GCL	39.45	10
GCL	39.95	13
GCL	40.45	12
GCL	40.95	13
GCL	41.46	9
GCL	41.96	11
GCL	42.46	9
GCL	42.96	6
GCL	43.47	5
GCL	43.97	3
GCL	44.72	5
GCL	45.48	3
GCL	45.98	4
GCL	46.73	7
GCL	47.49	4
GCL	47.99	1
GCL	48.74	2
GCL	50.00	1
GCL	51.51	2
GCL	52.76	1
GCL	53.52	0
GCL	54.02	1
GCL	54.52	2
GCL	55.03	1
GCL	55.53	0
GCL	56.03	1
GCL	56.53	2
GCL	57.29	1
# ACGT content per cycle. Use `grep ^GCC | cut -f 2-` to extract this part. The columns are: cycle; A,C,G,T base counts as a percentage of all A/C/G/T bases [%]; and N and O counts as a percentage of all A/C/G/T bases [%]
GCC	1	41.73	17.27	15.11	25.90	207.91	0.00
GCC	2	36.21	14.49	18.93	30.37	0.00	0.00
GCC	3	33.88	14.72	16.82	34.58	0.00	0.00
GCC	4	35.14	19.10	16.51	29.25	0.94	0.00
GCC	5	31.60	17.69	18.87	31.84	0.94	0.00
GCC	6	33.41	18.93	14.95	32.71	0.00	0.00
GCC	7	32.24	17.99	18.22	31.54	0.00	0.00
GCC	8	35.08	18.62	19.57	26.73	2.15	0.00
GCC	9	29.67	20.56	21.26	28.50	0.00	0.00
GCC	10	30.75	18.54	15.73	34.98	0.47	0.00
GCC	11	32.01	19.86	19.16	28.97	0.00	0.00
GCC	12	34.35	17.76	15.42	32.48	0.00	0.00
GCC	13	31.78	18.46	15.65	34.11	0.00	0.00
GCC	14	32.08	18.40	19.34	30.19	0.94	0.00
GCC	15	28.97	20.56	15.89	34.58	0.00	0.00
GCC	16	27.34	16.12	18.69	37.85	0.00	0.00
GCC	17	32.48	19.63	17.76	30.14	0.00	0.00
GCC	18	30.81	17.54	18.25	33.41	1.42	0.00
GCC	19	33.64	15.42	13.32	37.62	0.00	0.00
GCC	20	36.21	18.22	18.69	26.87	0.00	0.00
GCC	21	34.35	17.76	18.46	29.44	0.00	0.00
GCC	22	34.68	14.01	19.71	31.59	1.66	0.00
GCC	23	33.88	17.29	18.69	30.14	0.00	0.00
GCC	24	35.28	17.76	17.29	29.67	0.00	0.00
GCC	25	36.92	14.72	15.89	32.48	0.00	0.00
GCC	26	31.69	16.67	17.37	34.27	0.47	0.00
GCC	27	32.94	21.50	16.36	29.21	0.00	0.00
GCC	28	33.49	16.16	18.03	32.32	0.23	0.00
GCC	29	28.27	20.09	19.16	32.48	0.00	0.00
GCC	30	30.88	17.10	16.39	35.63	1.66	0.00
GCC	31	29.91	20.33	15.19	34.58	0.00	0.00
GCC	32	28.50	17.52	19.63	34.35	0.00	0.00
GCC	33	31.78	16.82	21.50	29.91	0.00	0.00
GCC	34	29.91	17.06	16.59	36.45	0.00	0.00
GCC	35	30.61	20.09	18.46	30.84	0.00	0.00
GCC	36	34.11	18.46	17.76	29.67	0.00	0.00
GCC	37	35.05	16.82	17.29	30.84	0.00	0.00
GCC	38	26.64	19.63	17.06	36.68	0.00	0.00
GCC	39	32.94	16.36	18.22	32.48	0.00	0.00
GCC	40	35.28	14.95	19.39	30.37	0.00	0.00
GCC	41	39.02	14.95	17.06	28.97	0.00	0.00
GCC	42	33.18	19.16	17.06	30.61	0.00	0.00
GCC	43	36.45	17.29	17.99	28.27	0.00	0.00
GCC	44	32.24	19.86	14.72	33.18	0.00	0.00
GCC	45	33.88	18.69	19.86	27.57	0.00	0.00
GCC	46	32.71	18.22	22.66	26.40	0.00	0.00
GCC	47	31.54	19.86	17.76	30.84	0.00	0.00
GCC	48	29.67	18.46	19.16	32.71	0.00	0.00
GCC	49	31.07	18.46	18.69	31.78	0.00	0.00
GCC	50	31.78	16.12	16.59	35.51	0.00	0.00
GCC	51	31.54	18.69	17.06	32.71	0.00	0.00
GCC	52	32.13	15.94	18.60	33.33	3.14	0.00
GCC	53	34.20	17.69	18.87	29.25	0.00	0.00
GCC	54	35.87	14.96	19.24	29.93	0.00	0.00
GCC	55	32.93	15.38	17.55	34.13	0.00	0.00
GCC	56	31.46	16.59	21.71	30.24	0.00	0.00
GCC	57	32.91	23.80	15.44	27.85	2.78	0.00
GCC	58	30.98	15.87	20.91	32.24	0.00	0.00
GCC	59	28.86	18.48	16.71	35.95	0.00	0.00
GCC	60	31.47	18.02	18.02	32.49	0.00	0.00
GCC	61	32.99	17.78	18.30	30.93	0.00	0.00
GCC	62	28.24	17.62	20.98	33.16	0.00	0.00
GCC	63	29.03	19.09	20.16	31.72	1.88	0.00
GCC	64	30.56	19.57	13.67	36.19	1.07	0.00
GCC	65	30.03	17.43	19.57	32.98	0.00	0.00
GCC	66	34.58	20.91	15.82	28.69	0.00	0.00
GCC	67	32.79	14.91	17.89	34.42	0.54	0.00
GCC	68	29.08	17.39	20.92	32.61	0.00	0.00
GCC	69	29.23	21.86	17.21	31.69	0.00	0.00
GCC	70	34.79	15.34	16.16	33.70	0.00	0.00
GCC	71	32.05	17.81	16.16	33.97	0.00	0.00
GCC	72	34.52	22.19	17.26	26.03	0.00	0.00
GCC	73	33.70	19.18	17.26	29.86	0.00	0.00
GCC	74	31.04	21.15	19.51	28.30	0.00	0.00
GCC	75	29.83	19.06	17.40	33.70	0.00	0.00
GCC	76	28.53	18.84	20.78	31.86	0.00	0.00
GCC	77	32.59	19.22	17.55	30.64	0.00	0.00
GCC	78	29.05	21.51	16.20	33.24	0.00	0.00
GCC	79	31.37	15.69	17.09	35.85	0.00	0.00
GCC	80	30.46	16.95	23.28	29.31	1.15	0.00
GCC	81	31.25	19.60	17.05	32.10	0.00	0.00
GCC	82	35.61	16.91	14.54	32.94	2.67	0.00
GCC	83	32.66	16.47	19.65	31.21	0.00	0.00
GCC	84	35.19	15.84	19.65	29.33	0.00	0.00
GCC	85	32.34	15.87	15.57	36.23	0.90	0.00
GCC	86	37.91	17.31	18.81	25.97	0.00	0.00
GCC	87	36.83	15.27	16.17	31.74	0.00	0.00
GCC	88	29.79	18.54	17.63	34.04	0.30	0.00
GCC	89	31.31	15.20	22.19	31.31	0.00	0.00
GCC	90	35.91	15.79	20.43	27.86	0.31	0.00
GCC	91	29.87	18.55	19.18	32.39	0.00	0.00
GCC	92	30.28	17.67	17.35	34.70	0.00	0.00
GCC	93	30.57	20.06	18.79	30.57	0.64	0.00
GCC	94	27.74	19.68	15.81	36.77	0.00	0.00
GCC	95	28.81	21.52	15.23	34.44	0.33	0.00
GCC	96	31.89	19.93	15.61	32.56	0.33	0.00
GCC	97	30.67	15.33	21.67	32.33	0.00	0.00
GCC	98	29.69	18.77	17.41	34.13	0.34	0.00
GCC	99	27.68	20.07	17.99	34.26	0.00	0.00
GCC	100	27.37	21.05	20.00	31.58	0.00	0.00
GCC	101	29.39	15.77	22.22	32.62	0.72	0.00
GCC	102	27.64	17.45	20.36	34.55	0.00	0.00
GCC	103	32.59	16.67	18.89	31.85	0.00	0.00
GCC	104	30.45	18.80	17.29	33.46	0.00	0.00
GCC	105	28.41	17.05	18.94	35.61	0.38	0.00
GCC	106	30.27	15.33	17.62	36.78	0.00	0.00
GCC	107	32.41	18.18	14.62	34.78	0.00	0.00
GCC	108	36.90	16.67	19.05	27.38	0.00	0.00
GCC	109	28.51	21.29	20.08	30.12	0.80	0.00
GCC	110	39.92	15.32	20.16	24.60	0.00	0.00
GCC	111	31.56	17.21	16.80	34.43	0.00	0.00
GCC	112	28.27	20.25	21.10	30.38	0.42	0.00
GCC	113	30.77	17.52	15.81	35.90	0.00	0.00
GCC	114	31.28	17.62	20.70	30.40	0.00	0.00
GCC	115	31.78	19.63	19.63	28.97	0.00	0.00
GCC	116	32.34	17.91	17.41	32.34	0.00	0.00
GCC	117	27.64	16.58	22.61	33.17	0.00	0.00
GCC	118	33.69	13.37	14.44	38.50	0.00	0.00
GCC	119	30.27	11.35	20.54	37.84	0.00	0.00
GCC	120	27.47	15.38	24.73	32.42	0.00	0.00
GCC	121	38.82	14.71	16.47	30.00	0.00	0.00
GCC	122	24.85	16.57	29.59	28.99	0.00	0.00
GCC	123	32.12	14.55	20.00	33.33	0.00	0.00
GCC	124	26.54	17.90	12.35	43.21	0.00	0.00
GCC	125	33.75	17.50	16.25	32.50	0.00	0.00
GCC	126	28.03	22.29	19.75	29.94	0.00	0.00
GCC	127	28.10	20.26	20.26	31.37	0.00	0.00
GCC	128	30.46	17.22	15.23	37.09	0.00	0.00
GCC	129	30.87	22.15	17.45	29.53	0.00	0.00
GCC	130	33.11	21.62	17.57	27.70	0.00	0.00
GCC	131	34.97	22.38	16.08	26.57	0.00	0.00
GCC	132	35.71	15.71	15.71	32.86	0.00	0.00
GCC	133	35.51	18.84	16.67	28.99	0.00	0.00
GCC	134	40.16	10.24	19.69	29.92	0.00	0.00
GCC	135	30.40	20.00	13.60	36.00	0.00	0.00
GCC	136	36.59	15.45	17.07	30.89	0.00	0.00
GCC	137	31.93	17.65	15.97	34.45	0.00	0.00
GCC	138	32.17	23.48	15.65	28.70	0.00	0.00
GCC	139	33.04	24.11	17.86	25.00	0.00	0.00
GCC	140	35.58	20.19	12.50	31.73	0.00	0.00
GCC	141	39.81	15.53	15.53	29.13	0.00	0.00
GCC	142	37.76	14.29	17.35	30.61	0.00	0.00
GCC	143	33.68	26.32	15.79	24.21	0.00	0.00
GCC	144	31.91	20.21	20.21	27.66	0.00	0.00
GCC	145	33.71	17.98	15.73	32.58	0.00	0.00
GCC	146	40.70	19.77	15.12	24.42	0.00	0.00
GCC	147	32.50	15.00	20.00	32.50	0.00	0.00
GCC	148	30.26	14.47	13.16	42.11	0.00	0.00
GCC	149	44.44	13.89	23.61	18.06	0.00	0.00
GCC	150	37.31	14.93	23.88	23.88	0.00	0.00
GCC	151	33.96	16.98	18.87	30.19	0.00	0.00
# Insert sizes. Use `grep ^IS | cut -f 2-` to extract this part. The columns are: insert size, pairs total, inward oriented pairs, outward oriented pairs, other pairs
IS	0	0	0	0	0
IS	1	0	0	0	0
IS	2	0	0	0	0
IS	3	0	0	0	0
IS	4	0	0	0	0
IS	5	0	0	0	0
IS	6	0	0	0	0
IS	7	0	0	0	0
IS	8	0	0	0	0
IS	9	0	0	0	0
IS	10	0	0	0	0
IS	11	0	0	0	0
IS	12	0	0	0	0
IS	13	0	0	0	0
IS	14	0	0	0	0
IS	15	0	0	0	0
IS	16	0	0	0	0
IS	17	0	0	0	0
IS	18	0	0	0	0
IS	19	0	0	0	0
IS	20	0	0	0	0
IS	21	0	0	0	0
IS	22	0	0	0	0
IS	23	0	0	0	0
IS	24	0	0	0	0
IS	25	0	0	0	0
IS	26	0	0	0	0
IS	27	0	0	0	0
IS	28	0	0	0	0
IS	29	0	0	0	0
IS	30	0	0	0	0
IS	31	1	0	1	0
IS	32	0	0	0	0
IS	33	0	0	0	0
IS	34	0	0	0	0
IS	35	0	0	0	0
IS	36	0	0	0	0
IS	37	0	0	0	0
IS	38	0	0	0	0
IS	39	0	0	0	0
IS	40	0	0	0	0
IS	41	0	0	0	0
IS	42	0	0	0	0
IS	43	0	0	0	0
IS	44	0	0	0	0
IS	45	0	0	0	0
IS	46	0	0	0	0
IS	47	0	0	0	0
IS	48	0	0	0	0
IS	49	0	0	0	0
IS	50	0	0	0	0
IS	51	0	0	0	0
IS	52	0	0	0	0
IS	53	0	0	0	0
IS	54	0	0	0	0
IS	55	0	0	0	0
IS	56	0	0	0	0
IS	57	0	0	0	0
IS	58	1	0	1	0
IS	59	0	0	0	0
IS	60	0	0	0	0
IS	61	0	0	0	0
IS	62	0	0	0	0
IS	63	0	0	0	0
IS	64	0	0	0	0
IS	65	0	0	0	0
IS	66	0	0	0	0
IS	67	0	0	0	0
IS	68	0	0	0	0
IS	69	0	0	0	0
IS	70	0	0	0	0
IS	71	0	0	0	0
IS	72	0	0	0	0
IS	73	0	0	0	0
IS	74	0	0	0	0
IS	75	0	0	0	0
IS	76	0	0	0	0
IS	77	0	0	0	0
IS	78	0	0	0	0
IS	79	1	1	0	0
IS	80	0	0	0	0
IS	81	0	0	0	0
IS	82	0	0	0	0
IS	83	0	0	0	0
IS	84	0	0	0	0
IS	85	0	0	0	0
IS	86	0	0	0	0
IS	87	0	0	0	0
IS	88	0	0	0	0
IS	89	0	0	0	0
IS	90	1	1	0	0
IS	91	0	0	0	0
IS	92	0	0	0	0
IS	93	0	0	0	0
IS	94	0	0	0	0
IS	95	0	0	0	0
IS	96	0	0	0	0
IS	97	0	0	0	0
IS	98	0	0	0	0
IS	99	0	0	0	0
IS	100	0	0	0	0
IS	101	0	0	0	0
IS	102	0	0	0	0
IS	103	0	0	0	0
IS	104	0	0	0	0
IS	105	0	0	0	0
IS	106	1	0	1	0
IS	107	0	0	0	0
IS	108	0	0	0	0
IS	109	0	0	0	0
IS	110	0	0	0	0
IS	111	0	0	0	0
IS	112	0	0	0	0
IS	113	0	0	0	0
IS	114	0	0	0	0
IS	115	0	0	0	0
IS	116	0	0	0	0
IS	117	0	0	0	0
IS	118	0	0	0	0
IS	119	0	0	0	0
IS	120	0	0	0	0
IS	121	0	0	0	0
IS	122	0	0	0	0
IS	123	0	0	0	0
IS	124	0	0	0	0
IS	125	0	0	0	0
IS	126	0	0	0	0
IS	127	0	0	0	0
IS	128	0	0	0	0
IS	129	0	0	0	0
IS	130	0	0	0	0
IS	131	0	0	0	0
IS	132	0	0	0	0
IS	133	0	0	0	0
IS	134	0	0	0	0
IS	135	0	0	0	0
IS	136	0	0	0	0
IS	137	0	0	0	0
IS	138	0	0	0	0
IS	139	0	0	0	0
IS	140	1	1	0	0
IS	141	0	0	0	0
IS	142	0	0	0	0
IS	143	0	0	0	0
IS	144	1	0	1	0
IS	145	0	0	0	0
IS	146	0	0	0	0
IS	147	0	0	0	0
IS	148	0	0	0	0
IS	149	0	0	0	0
IS	150	0	0	0	0
IS	151	1	1	0	0
IS	152	0	0	0	0
IS	153	0	0	0	0
IS	154	1	1	0	0
IS	155	0	0	0	0
IS	156	2	2	0	0
IS	157	0	0	0	0
IS	158	0	0	0	0
IS	159	0	0	0	0
IS	160	0	0	0	0
IS	161	0	0	0	0
IS	162	0	0	0	0
IS	163	0	0	0	0
IS	164	0	0	0	0
IS	165	0	0	0	0
IS	166	0	0	0	0
IS	167	0	0	0	0
IS	168	0	0	0	0
IS	169	0	0	0	0
IS	170	1	1	0	0
IS	171	0	0	0	0
IS	172	0	0	0	0
IS	173	2	2	0	0
IS	174	0	0	0	0
IS	175	0	0	0	0
IS	176	0	0	0	0
IS	177	1	1	0	0
IS	178	0	0	0	0
IS	179	0	0	0	0
IS	180	0	0	0	0
IS	181	0	0	0	0
IS	182	0	0	0	0
IS	183	1	1	0	0
IS	184	0	0	0	0
IS	185	0	0	0	0
IS	186	0	0	0	0
IS	187	0	0	0	0
IS	188	0	0	0	0
IS	189	0	0	0	0
IS	190	0	0	0	0
IS	191	0	0	0	0
IS	192	0	0	0	0
IS	193	0	0	0	0
IS	194	0	0	0	0
IS	195	1	1	0	0
IS	196	1	1	0	0
IS	197	0	0	0	0
IS	198	0	0	0	0
IS	199	0	0	0	0
IS	200	0	0	0	0
IS	201	0	0	0	0
IS	202	0	0	0	0
IS	203	0	0	0	0
IS	204	0	0	0	0
IS	205	0	0	0	0
IS	206	1	1	0	0
IS	207	0	0	0	0
IS	208	0	0	0	0
IS	209	0	0	0	0
IS	210	0	0	0	0
IS	211	0	0	0	0
IS	212	1	1	0	0
IS	213	0	0	0	0
IS	214	0	0	0	0
IS	215	0	0	0	0
IS	216	0	0	0	0
IS	217	0	0	0	0
IS	218	0	0	0	0
IS	219	0	0	0	0
IS	220	0	0	0	0
IS	221	0	0	0	0
IS	222	0	0	0	0
IS	223	0	0	0	0
IS	224	0	0	0	0
IS	225	0	0	0	0
IS	226	0	0	0	0
IS	227	0	0	0	0
IS	228	0	0	0	0
IS	229	1	1	0	0
IS	230	0	0	0	0
IS	231	0	0	0	0
IS	232	0	0	0	0
IS	233	1	1	0	0
IS	234	0	0	0	0
IS	235	0	0	0	0
IS	236	0	0	0	0
IS	237	0	0	0	0
IS	238	2	2	0	0
IS	239	1	1	0	0
IS	240	0	0	0	0
IS	241	0	0	0	0
IS	242	0	0	0	0
IS	243	0	0	0	0
IS	244	0	0	0	0
IS	245	0	0	0	0
IS	246	0	0	0	0
IS	247	1	1	0	0
IS	248	0	0	0	0
IS	249	1	1	0	0
IS	250	1	1	0	0
IS	251	0	0	0	0
IS	252	0	0	0	0
IS	253	1	1	0	0
IS	254	0	0	0	0
IS	255	0	0	0	0
IS	256	0	0	0	0
IS	257	0	0	0	0
IS	258	0	0	0	0
IS	259	1	1	0	0
IS	260	2	2	0	0
IS	261	0	0	0	0
IS	262	1	1	0	0
IS	263	0	0	0	0
IS	264	0	0	0	0
IS	265	0	0	0	0
IS	266	0	0	0	0
IS	267	0	0	0	0
IS	268	0	0	0	0
IS	269	0	0	0	0
IS	270	1	1	0	0
IS	271	0	0	0	0
IS	272	0	0	0	0
IS	273	1	1	0	0
IS	274	0	0	0	0
IS	275	2	2	0	0
IS	276	1	1	0	0
IS	277	0	0	0	0
IS	278	0	0	0	0
IS	279	0	0	0	0
IS	280	1	1	0	0
IS	281	0	0	0	0
IS	282	0	0	0	0
IS	283	0	0	0	0
IS	284	0	0	0	0
IS	285	1	1	0	0
IS	286	2	2	0	0
IS	287	0	0	0	0
IS	288	1	1	0	0
IS	289	0	0	0	0
IS	290	0	0	0	0
IS	291	0	0	0	0
IS	292	0	0	0	0
IS	293	1	1	0	0
IS	294	0	0	0	0
IS	295	0	0	0	0
IS	296	1	1	0	0
IS	297	0	0	0	0
IS	298	0	0	0	0
IS	299	3	3	0	0
IS	300	0	0	0	0
IS	301	1	1	0	0
IS	302	0	0	0	0
IS	303	2	2	0	0
IS	304	0	0	0	0
IS	305	0	0	0	0
IS	306	1	1	0	0
IS	307	0	0	0	0
IS	308	1	1	0	0
IS	309	1	1	0	0
IS	310	0	0	0	0
IS	311	1	1	0	0
IS	312	1	1	0	0
IS	313	0	0	0	0
IS	314	1	1	0	0
IS	315	0	0	0	0
IS	316	0	0	0	0
IS	317	3	3	0	0
IS	318	0	0	0	0
IS	319	0	0	0	0
IS	320	0	0	0	0
IS	321	1	1	0	0
IS	322	2	2	0	0
IS	323	0	0	0	0
IS	324	0	0	0	0
IS	325	0	0	0	0
IS	326	0	0	0	0
IS	327	0	0	0	0
IS	328	0	0	0	0
IS	329	1	1	0	0
IS	330	0	0	0	0
IS	331	1	1	0	0
IS	332	0	0	0	0
IS	333	1	1	0	0
IS	334	2	2	0	0
IS	335	1	1	0	0
IS	336	1	1	0	0
IS	337	0	0	0	0
IS	338	0	0	0	0
IS	339	1	1	0	0
IS	340	1	1	0	0
IS	341	0	0	0	0
IS	342	0	0	0	0
IS	343	1	1	0	0
IS	344	0	0	0	0
IS	345	0	0	0	0
IS	346	1	1	0	0
IS	347	0	0	0	0
IS	348	0	0	0	0
IS	349	0	0	0	0
IS	350	1	1	0	0
IS	351	0	0	0	0
IS	352	0	0	0	0
IS	353	0	0	0	0
IS	354	1	1	0	0
IS	355	0	0	0	0
IS	356	0	0	0	0
IS	357	2	2	0	0
IS	358	1	1	0	0
IS	359	0	0	0	0
IS	360	2	2	0	0
IS	361	2	2	0	0
IS	362	0	0	0	0
IS	363	0	0	0	0
IS	364	0	0	0	0
IS	365	0	0	0	0
IS	366	1	1	0	0
IS	367	1	1	0	0
IS	368	0	0	0	0
IS	369	1	1	0	0
IS	370	0	0	0	0
IS	371	0	0	0	0
IS	372	1	1	0	0
IS	373	0	0	0	0
IS	374	1	1	0	0
IS	375	0	0	0	0
IS	376	0	0	0	0
IS	377	0	0	0	0
IS	378	0	0	0	0
IS	379	1	1	0	0
IS	380	0	0	0	0
IS	381	2	2	0	0
IS	382	1	1	0	0
IS	383	0	0	0	0
IS	384	1	1	0	0
IS	385	0	0	0	0
IS	386	2	2	0	0
IS	387	0	0	0	0
IS	388	1	1	0	0
IS	389	0	0	0	0
IS	390	0	0	0	0
IS	391	0	0	0	0
IS	392	0	0	0	0
IS	393	0	0	0	0
IS	394	0	0	0	0
IS	395	1	1	0	0
IS	396	0	0	0	0
IS	397	0	0	0	0
IS	398	0	0	0	0
IS	399	0	0	0	0
IS	400	1	1	0	0
IS	401	2	2	0	0
IS	402	0	0	0	0
IS	403	1	1	0	0
IS	404	0	0	0	0
IS	405	1	1	0	0
IS	406	0	0	0	0
IS	407	0	0	0	0
IS	408	0	0	0	0
IS	409	1	1	0	0
IS	410	0	0	0	0
IS	411	0	0	0	0
IS	412	0	0	0	0
IS	413	1	1	0	0
IS	414	0	0	0	0
IS	415	0	0	0	0
IS	416	0	0	0	0
IS	417	1	1	0	0
IS	418	0	0	0	0
IS	419	1	1	0	0
IS	420	0	0	0	0
IS	421	0	0	0	0
IS	422	0	0	0	0
IS	423	1	1	0	0
IS	424	1	1	0	0
IS	425	1	1	0	0
IS	426	0	0	0	0
IS	427	1	1	0	0
IS	428	1	1	0	0
IS	429	1	1	0	0
IS	430	1	1	0	0
IS	431	0	0	0	0
IS	432	2	2	0	0
IS	433	1	1	0	0
IS	434	0	0	0	0
IS	435	1	1	0	0
IS	436	0	0	0	0
IS	437	0	0	0	0
IS	438	1	1	0	0
IS	439	0	0	0	0
IS	440	1	1	0	0
IS	441	1	1	0	0
IS	442	2	2	0	0
IS	443	1	1	0	0
IS	444	0	0	0	0
IS	445	1	1	0	0
IS	446	1	1	0	0
IS	447	0	0	0	0
IS	448	0	0	0	0
IS	449	0	0	0	0
IS	450	1	1	0	0
IS	451	0	0	0	0
IS	452	0	0	0	0
IS	453	2	2	0	0
IS	454	1	1	0	0
IS	455	0	0	0	0
IS	456	0	0	0	0
IS	457	0	0	0	0
IS	458	1	1	0	0
IS	459	0	0	0	0
IS	460	0	0	0	0
IS	461	1	1	0	0
IS	462	1	1	0	0
IS	463	0	0	0	0
IS	464	1	1	0	0
IS	465	1	1	0	0
IS	466	1	1	0	0
IS	467	0	0	0	0
IS	468	1	1	0	0
IS	469	1	1	0	0
IS	470	1	1	0	0
IS	471	0	0	0	0
IS	472	0	0	0	0
IS	473	0	0	0	0
IS	474	0	0	0	0
IS	475	0	0	0	0
IS	476	0	0	0	0
IS	477	0	0	0	0
IS	478	0	0	0	0
IS	479	0	0	0	0
IS	480	0	0	0	0
IS	481	0	0	0	0
IS	482	0	0	0	0
IS	483	0	0	0	0
IS	484	0	0	0	0
IS	485	0	0	0	0
IS	486	0	0	0	0
IS	487	0	0	0	0
IS	488	0	0	0	0
IS	489	0	0	0	0
IS	490	0	0	0	0
IS	491	1	1	0	0
IS	492	0	0	0	0
IS	493	0	0	0	0
IS	494	0	0	0	0
IS	495	0	0	0	0
IS	496	0	0	0	0
IS	497	0	0	0	0
IS	498	0	0	0	0
IS	499	0	0	0	0
IS	500	0	0	0	0
IS	501	0	0	0	0
IS	502	0	0	0	0
IS	503	1	1	0	0
IS	504	0	0	0	0
IS	505	0	0	0	0
IS	506	0	0	0	0
IS	507	1	1	0	0
IS	508	0	0	0	0
IS	509	0	0	0	0
IS	510	0	0	0	0
IS	511	0	0	0	0
IS	512	0	0	0	0
IS	513	0	0	0	0
IS	514	0	0	0	0
IS	515	0	0	0	0
IS	516	0	0	0	0
IS	517	2	2	0	0
IS	518	0	0	0	0
IS	519	0	0	0	0
IS	520	0	0	0	0
IS	521	0	0	0	0
IS	522	1	1	0	0
IS	523	0	0	0	0
IS	524	0	0	0	0
IS	525	0	0	0	0
IS	526	0	0	0	0
IS	527	0	0	0	0
IS	528	1	1	0	0
IS	529	0	0	0	0
IS	530	0	0	0	0
IS	531	0	0	0	0
IS	532	1	1	0	0
IS	533	0	0	0	0
IS	534	1	1	0	0
IS	535	0	0	0	0
IS	536	0	0	0	0
IS	537	0	0	0	0
IS	538	0	0	0	0
IS	539	0	0	0	0
IS	540	0	0	0	0
IS	541	0	0	0	0
IS	542	0	0	0	0
IS	543	0	0	0	0
IS	544	0	0	0	0
IS	545	0	0	0	0
IS	546	0	0	0	0
IS	547	0	0	0	0
IS	548	1	1	0	0
IS	549	0	0	0	0
IS	550	0	0	0	0
IS	551	0	0	0	0
IS	552	0	0	0	0
IS	553	0	0	0	0
IS	554	0	0	0	0
IS	555	0	0	0	0
IS	556	0	0	0	0
IS	557	0	0	0	0
IS	558	0	0	0	0
IS	559	0	0	0	0
IS	560	0	0	0	0
IS	561	0	0	0	0
IS	562	0	0	0	0
IS	563	0	0	0	0
IS	564	0	0	0	0
IS	565	0	0	0	0
IS	566	1	1	0	0
IS	567	0	0	0	0
IS	568	0	0	0	0
IS	569	0	0	0	0
IS	570	0	0	0	0
IS	571	0	0	0	0
IS	572	0	0	0	0
IS	573	0	0	0	0
IS	574	0	0	0	0
IS	575	0	0	0	0
IS	576	0	0	0	0
IS	577	0	0	0	0
IS	578	0	0	0	0
IS	579	0	0	0	0
IS	580	0	0	0	0
IS	581	0	0	0	0
IS	582	0	0	0	0
IS	583	0	0	0	0
IS	584	0	0	0	0
IS	585	1	1	0	0
IS	586	0	0	0	0
IS	587	0	0	0	0
IS	588	0	0	0	0
IS	589	0	0	0	0
IS	590	0	0	0	0
IS	591	0	0	0	0
IS	592	0	0	0	0
IS	593	0	0	0	0
IS	594	0	0	0	0
IS	595	0	0	0	0
IS	596	0	0	0	0
IS	597	0	0	0	0
IS	598	0	0	0	0
IS	599	0	0	0	0
IS	600	0	0	0	0
IS	601	0	0	0	0
IS	602	0	0	0	0
IS	603	1	1	0	0
IS	604	0	0	0	0
IS	605	0	0	0	0
IS	606	0	0	0	0
IS	607	0	0	0	0
IS	608	0	0	0	0
IS	609	0	0	0	0
IS	610	0	0	0	0
IS	611	0	0	0	0
IS	612	0	0	0	0
IS	613	0	0	0	0
IS	614	0	0	0	0
IS	615	0	0	0	0
IS	616	0	0	0	0
IS	617	0	0	0	0
IS	618	0	0	0	0
IS	619	0	0	0	0
IS	620	0	0	0	0
IS	621	0	0	0	0
IS	622	0	0	0	0
IS	623	0	0	0	0
IS	624	0	0	0	0
IS	625	0	0	0	0
IS	626	0	0	0	0
IS	627	0	0	0	0
IS	628	0	0	0	0
IS	629	0	0	0	0
IS	630	0	0	0	0
IS	631	0	0	0	0
IS	632	0	0	0	0
IS	633	0	0	0	0
IS	634	0	0	0	0
IS	635	0	0	0	0
IS	636	0	0	0	0
IS	637	0	0	0	0
IS	638	0	0	0	0
IS	639	0	0	0	0
IS	640	0	0	0	0
IS	641	0	0	0	0
IS	642	0	0	0	0
IS	643	0	0	0	0
IS	644	0	0	0	0
IS	645	0	0	0	0
IS	646	0	0	0	0
IS	647	0	0	0	0
IS	648	0	0	0	0
IS	649	0	0	0	0
IS	650	0	0	0	0
IS	651	0	0	0	0
IS	652	0	0	0	0
IS	653	0	0	0	0
IS	654	0	0	0	0
IS	655	0	0	0	0
IS	656	0	0	0	0
IS	657	0	0	0	0
IS	658	0	0	0	0
IS	659	0	0	0	0
IS	660	0	0	0	0
IS	661	0	0	0	0
IS	662	0	0	0	0
IS	663	0	0	0	0
IS	664	0	0	0	0
IS	665	0	0	0	0
IS	666	0	0	0	0
IS	667	0	0	0	0
IS	668	0	0	0	0
IS	669	0	0	0	0
IS	670	0	0	0	0
IS	671	0	0	0	0
IS	672	0	0	0	0
IS	673	0	0	0	0
IS	674	0	0	0	0
IS	675	0	0	0	0
IS	676	0	0	0	0
IS	677	0	0	0	0
IS	678	0	0	0	0
IS	679	0	0	0	0
IS	680	0	0	0	0
IS	681	0	0	0	0
IS	682	0	0	0	0
IS	683	0	0	0	0
IS	684	0	0	0	0
IS	685	0	0	0	0
IS	686	0	0	0	0
IS	687	0	0	0	0
IS	688	0	0	0	0
IS	689	0	0	0	0
IS	690	0	0	0	0
IS	691	0	0	0	0
IS	692	0	0	0	0
IS	693	0	0	0	0
IS	694	0	0	0	0
IS	695	0	0	0	0
IS	696	0	0	0	0
IS	697	0	0	0	0
IS	698	0	0	0	0
IS	699	0	0	0	0
IS	700	0	0	0	0
IS	701	0	0	0	0
IS	702	0	0	0	0
IS	703	0	0	0	0
IS	704	0	0	0	0
IS	705	0	0	0	0
IS	706	0	0	0	0
IS	707	0	0	0	0
IS	708	0	0	0	0
IS	709	0	0	0	0
IS	710	0	0	0	0
IS	711	0	0	0	0
IS	712	0	0	0	0
IS	713	0	0	0	0
IS	714	0	0	0	0
IS	715	0	0	0	0
IS	716	0	0	0	0
IS	717	0	0	0	0
IS	718	0	0	0	0
IS	719	0	0	0	0
IS	720	0	0	0	0
IS	721	0	0	0	0
IS	722	0	0	0	0
IS	723	0	0	0	0
IS	724	1	1	0	0
IS	725	0	0	0	0
IS	726	0	0	0	0
IS	727	0	0	0	0
IS	728	0	0	0	0
IS	729	0	0	0	0
IS	730	0	0	0	0
IS	731	0	0	0	0
IS	732	0	0	0	0
IS	733	0	0	0	0
IS	734	0	0	0	0
IS	735	0	0	0	0
IS	736	0	0	0	0
IS	737	0	0	0	0
IS	738	0	0	0	0
IS	739	0	0	0	0
IS	740	0	0	0	0
IS	741	0	0	0	0
IS	742	0	0	0	0
IS	743	0	0	0	0
IS	744	1	1	0	0
IS	745	0	0	0	0
IS	746	0	0	0	0
IS	747	0	0	0	0
IS	748	0	0	0	0
IS	749	0	0	0	0
IS	750	0	0	0	0
IS	751	0	0	0	0
IS	752	0	0	0	0
IS	753	0	0	0	0
IS	754	0	0	0	0
IS	755	0	0	0	0
IS	756	0	0	0	0
IS	757	0	0	0	0
IS	758	0	0	0	0
IS	759	0	0	0	0
IS	760	0	0	0	0
IS	761	0	0	0	0
IS	762	0	0	0	0
IS	763	0	0	0	0
IS	764	0	0	0	0
IS	765	0	0	0	0
IS	766	0	0	0	0
IS	767	0	0	0	0
IS	768	0	0	0	0
IS	769	0	0	0	0
IS	770	0	0	0	0
IS	771	0	0	0	0
IS	772	0	0	0	0
IS	773	0	0	0	0
IS	774	0	0	0	0
IS	775	0	0	0	0
IS	776	0	0	0	0
IS	777	0	0	0	0
IS	778	0	0	0	0
IS	779	0	0	0	0
IS	780	0	0	0	0
IS	781	0	0	0	0
IS	782	0	0	0	0
IS	783	0	0	0	0
IS	784	0	0	0	0
IS	785	0	0	0	0
IS	786	0	0	0	0
IS	787	0	0	0	0
IS	788	0	0	0	0
IS	789	0	0	0	0
IS	790	0	0	0	0
IS	791	0	0	0	0
IS	792	0	0	0	0
IS	793	0	0	0	0
IS	794	0	0	0	0
IS	795	0	0	0	0
IS	796	0	0	0	0
IS	797	0	0	0	0
IS	798	0	0	0	0
IS	799	0	0	0	0
IS	800	0	0	0	0
IS	801	0	0	0	0
IS	802	0	0	0	0
IS	803	0	0	0	0
IS	804	0	0	0	0
IS	805	0	0	0	0
IS	806	0	0	0	0
IS	807	0	0	0	0
IS	808	0	0	0	0
IS	809	0	0	0	0
IS	810	0	0	0	0
IS	811	0	0	0	0
IS	812	0	0	0	0
IS	813	0	0	0	0
IS	814	0	0	0	0
IS	815	0	0	0	0
IS	816	0	0	0	0
IS	817	0	0	0	0
IS	818	0	0	0	0
IS	819	0	0	0	0
IS	820	0	0	0	0
IS	821	0	0	0	0
IS	822	0	0	0	0
IS	823	0	0	0	0
IS	824	0	0	0	0
IS	825	0	0	0	0
IS	826	0	0	0	0
IS	827	0	0	0	0
IS	828	0	0	0	0
IS	829	0	0	0	0
IS	830	0	0	0	0
IS	831	0	0	0	0
IS	832	0	0	0	0
IS	833	0	0	0	0
IS	834	0	0	0	0
IS	835	0	0	0	0
IS	836	0	0	0	0
IS	837	0	0	0	0
IS	838	0	0	0	0
IS	839	0	0	0	0
IS	840	0	0	0	0
IS	841	0	0	0	0
IS	842	0	0	0	0
IS	843	0	0	0	0
IS	844	0	0	0	0
IS	845	0	0	0	0
IS	846	0	0	0	0
IS	847	0	0	0	0
IS	848	0	0	0	0
IS	849	0	0	0	0
IS	850	0	0	0	0
IS	851	0	0	0	0
IS	852	0	0	0	0
IS	853	0	0	0	0
IS	854	0	0	0	0
IS	855	0	0	0	0
IS	856	0	0	0	0
IS	857	0	0	0	0
IS	858	0	0	0	0
IS	859	0	0	0	0
IS	860	0	0	0	0
IS	861	0	0	0	0
IS	862	0	0	0	0
IS	863	0	0	0	0
IS	864	0	0	0	0
IS	865	0	0	0	0
IS	866	0	0	0	0
IS	867	0	0	0	0
IS	868	0	0	0	0
IS	869	0	0	0	0
IS	870	0	0	0	0
IS	871	0	0	0	0
IS	872	0	0	0	0
IS	873	0	0	0	0
IS	874	0	0	0	0
IS	875	0	0	0	0
IS	876	0	0	0	0
IS	877	0	0	0	0
IS	878	0	0	0	0
IS	879	0	0	0	0
IS	880	0	0	0	0
IS	881	0	0	0	0
IS	882	0	0	0	0
IS	883	0	0	0	0
IS	884	0	0	0	0
IS	885	0	0	0	0
IS	886	0	0	0	0
IS	887	0	0	0	0
IS	888	0	0	0	0
IS	889	0	0	0	0
IS	890	0	0	0	0
IS	891	0	0	0	0
IS	892	0	0	0	0
IS	893	0	0	0	0
IS	894	0	0	0	0
IS	895	0	0	0	0
IS	896	0	0	0	0
IS	897	0	0	0	0
IS	898	0	0	0	0
IS	899	0	0	0	0
IS	900	0	0	0	0
IS	901	0	0	0	0
IS	902	0	0	0	0
IS	903	0	0	0	0
IS	904	0	0	0	0
IS	905	0	0	0	0
IS	906	0	0	0	0
IS	907	0	0	0	0
IS	908	0	0	0	0
IS	909	0	0	0	0
IS	910	0	0	0	0
IS	911	0	0	0	0
IS	912	0	0	0	0
IS	913	0	0	0	0
IS	914	0	0	0	0
IS	915	0	0	0	0
IS	916	0	0	0	0
IS	917	0	0	0	0
IS	918	0	0	0	0
IS	919	0	0	0	0
IS	920	0	0	0	0
IS	921	0	0	0	0
IS	922	0	0	0	0
IS	923	0	0	0	0
IS	924	0	0	0	0
IS	925	0	0	0	0
IS	926	0	0	0	0
IS	927	0	0	0	0
IS	928	0	0	0	0
IS	929	0	0	0	0
IS	930	0	0	0	0
IS	931	0	0	0	0
IS	932	0	0	0	0
IS	933	0	0	0	0
IS	934	0	0	0	0
IS	935	0	0	0	0
IS	936	0	0	0	0
IS	937	0	0	0	0
IS	938	0	0	0	0
IS	939	0	0	0	0
IS	940	0	0	0	0
IS	941	0	0	0	0
IS	942	0	0	0	0
IS	943	0	0	0	0
IS	944	0	0	0	0
IS	945	0	0	0	0
IS	946	0	0	0	0
IS	947	0	0	0	0
IS	948	0	0	0	0
IS	949	0	0	0	0
IS	950	0	0	0	0
IS	951	0	0	0	0
IS	952	0	0	0	0
IS	953	0	0	0	0
IS	954	0	0	0	0
IS	955	0	0	0	0
IS	956	0	0	0	0
IS	957	0	0	0	0
IS	958	0	0	0	0
IS	959	0	0	0	0
IS	960	0	0	0	0
IS	961	0	0	0	0
IS	962	0	0	0	0
IS	963	0	0	0	0
IS	964	0	0	0	0
IS	965	0	0	0	0
IS	966	0	0	0	0
IS	967	0	0	0	0
IS	968	0	0	0	0
IS	969	0	0	0	0
IS	970	0	0	0	0
IS	971	0	0	0	0
IS	972	0	0	0	0
IS	973	0	0	0	0
IS	974	0	0	0	0
IS	975	0	0	0	0
IS	976	0	0	0	0
IS	977	0	0	0	0
IS	978	0	0	0	0
IS	979	0	0	0	0
IS	980	0	0	0	0
IS	981	0	0	0	0
IS	982	0	0	0	0
IS	983	0	0	0	0
IS	984	0	0	0	0
IS	985	0	0	0	0
IS	986	0	0	0	0
IS	987	0	0	0	0
IS	988	0	0	0	0
IS	989	0	0	0	0
IS	990	0	0	0	0
IS	991	0	0	0	0
IS	992	0	0	0	0
IS	993	0	0	0	0
IS	994	0	0	0	0
IS	995	0	0	0	0
IS	996	0	0	0	0
IS	997	0	0	0	0
IS	998	0	0	0	0
IS	999	0	0	0	0
IS	1000	0	0	0	0
IS	1001	0	0	0	0
IS	1002	0	0	0	0
IS	1003	0	0	0	0
IS	1004	0	0	0	0
IS	1005	0	0	0	0
IS	1006	0	0	0	0
IS	1007	0	0	0	0
IS	1008	0	0	0	0
IS	1009	0	0	0	0
IS	1010	0	0	0	0
IS	1011	0	0	0	0
IS	1012	0	0	0	0
IS	1013	0	0	0	0
IS	1014	0	0	0	0
IS	1015	0	0	0	0
IS	1016	0	0	0	0
IS	1017	0	0	0	0
IS	1018	0	0	0	0
IS	1019	0	0	0	0
IS	1020	0	0	0	0
IS	1021	0	0	0	0
IS	1022	0	0	0	0
IS	1023	0	0	0	0
IS	1024	0	0	0	0
IS	1025	0	0	0	0
IS	1026	0	0	0	0
IS	1027	0	0	0	0
IS	1028	0	0	0	0
IS	1029	0	0	0	0
IS	1030	0	0	0	0
IS	1031	0	0	0	0
IS	1032	0	0	0	0
IS	1033	0	0	0	0
IS	1034	0	0	0	0
IS	1035	0	0	0	0
IS	1036	0	0	0	0
IS	1037	0	0	0	0
IS	1038	0	0	0	0
IS	1039	0	0	0	0
IS	1040	0	0	0	0
IS	1041	0	0	0	0
IS	1042	0	0	0	0
IS	1043	0	0	0	0
IS	1044	0	0	0	0
IS	1045	0	0	0	0
IS	1046	0	0	0	0
IS	1047	0	0	0	0
IS	1048	0	0	0	0
IS	1049	0	0	0	0
IS	1050	0	0	0	0
IS	1051	0	0	0	0
IS	1052	0	0	0	0
IS	1053	0	0	0	0
IS	1054	1	1	0	0
IS	1055	0	0	0	0
IS	1056	0	0	0	0
IS	1057	0	0	0	0
IS	1058	0	0	0	0
IS	1059	0	0	0	0
IS	1060	0	0	0	0
IS	1061	0	0	0	0
IS	1062	0	0	0	0
IS	1063	0	0	0	0
IS	1064	0	0	0	0
IS	1065	0	0	0	0
IS	1066	0	0	0	0
IS	1067	0	0	0	0
IS	1068	0	0	0	0
IS	1069	0	0	0	0
IS	1070	0	0	0	0
IS	1071	0	0	0	0
IS	1072	0	0	0	0
IS	1073	0	0	0	0
IS	1074	0	0	0	0
IS	1075	0	0	0	0
IS	1076	0	0	0	0
IS	1077	0	0	0	0
IS	1078	0	0	0	0
IS	1079	0	0	0	0
IS	1080	0	0	0	0
IS	1081	0	0	0	0
IS	1082	0	0	0	0
IS	1083	0	0	0	0
IS	1084	0	0	0	0
IS	1085	0	0	0	0
IS	1086	0	0	0	0
IS	1087	0	0	0	0
IS	1088	0	0	0	0
IS	1089	0	0	0	0
IS	1090	0	0	0	0
IS	1091	0	0	0	0
IS	1092	0	0	0	0
IS	1093	0	0	0	0
IS	1094	0	0	0	0
IS	1095	0	0	0	0
IS	1096	0	0	0	0
IS	1097	0	0	0	0
IS	1098	0	0	0	0
IS	1099	0	0	0	0
IS	1100	0	0	0	0
IS	1101	0	0	0	0
IS	1102	0	0	0	0
IS	1103	0	0	0	0
IS	1104	0	0	0	0
IS	1105	0	0	0	0
IS	1106	0	0	0	0
IS	1107	0	0	0	0
IS	1108	0	0	0	0
IS	1109	0	0	0	0
IS	1110	0	0	0	0
IS	1111	0	0	0	0
IS	1112	0	0	0	0
IS	1113	0	0	0	0
IS	1114	0	0	0	0
IS	1115	0	0	0	0
IS	1116	0	0	0	0
IS	1117	0	0	0	0
IS	1118	0	0	0	0
IS	1119	0	0	0	0
IS	1120	0	0	0	0
IS	1121	0	0	0	0
IS	1122	0	0	0	0
IS	1123	0	0	0	0
IS	1124	0	0	0	0
IS	1125	0	0	0	0
IS	1126	0	0	0	0
IS	1127	0	0	0	0
IS	1128	0	0	0	0
IS	1129	0	0	0	0
IS	1130	0	0	0	0
IS	1131	0	0	0	0
IS	1132	0	0	0	0
IS	1133	0	0	0	0
IS	1134	0	0	0	0
IS	1135	0	0	0	0
IS	1136	0	0	0	0
IS	1137	0	0	0	0
IS	1138	0	0	0	0
IS	1139	0	0	0	0
IS	1140	0	0	0	0
IS	1141	0	0	0	0
IS	1142	0	0	0	0
IS	1143	0	0	0	0
IS	1144	0	0	0	0
IS	1145	0	0	0	0
IS	1146	0	0	0	0
IS	1147	0	0	0	0
IS	1148	0	0	0	0
IS	1149	0	0	0	0
IS	1150	0	0	0	0
IS	1151	0	0	0	0
IS	1152	0	0	0	0
IS	1153	0	0	0	0
IS	1154	0	0	0	0
IS	1155	0	0	0	0
IS	1156	0	0	0	0
IS	1157	0	0	0	0
IS	1158	0	0	0	0
IS	1159	0	0	0	0
IS	1160	0	0	0	0
IS	1161	0	0	0	0
IS	1162	0	0	0	0
IS	1163	0	0	0	0
IS	1164	0	0	0	0
IS	1165	0	0	0	0
IS	1166	0	0	0	0
IS	1167	0	0	0	0
IS	1168	0	0	0	0
IS	1169	0	0	0	0
IS	1170	0	0	0	0
IS	1171	0	0	0	0
IS	1172	0	0	0	0
IS	1173	0	0	0	0
IS	1174	0	0	0	0
IS	1175	0	0	0	0
IS	1176	0	0	0	0
IS	1177	0	0	0	0
IS	1178	0	0	0	0
IS	1179	0	0	0	0
IS	1180	0	0	0	0
IS	1181	0	0	0	0
IS	1182	0	0	0	0
IS	1183	0	0	0	0
IS	1184	0	0	0	0
IS	1185	0	0	0	0
IS	1186	0	0	0	0
IS	1187	0	0	0	0
IS	1188	0	0	0	0
IS	1189	0	0	0	0
IS	1190	0	0	0	0
IS	1191	0	0	0	0
IS	1192	0	0	0	0
IS	1193	0	0	0	0
IS	1194	0	0	0	0
IS	1195	0	0	0	0
IS	1196	0	0	0	0
IS	1197	0	0	0	0
IS	1198	0	0	0	0
IS	1199	0	0	0	0
IS	1200	0	0	0	0
IS	1201	0	0	0	0
IS	1202	0	0	0	0
IS	1203	0	0	0	0
IS	1204	0	0	0	0
IS	1205	0	0	0	0
IS	1206	0	0	0	0
IS	1207	0	0	0	0
IS	1208	0	0	0	0
IS	1209	0	0	0	0
IS	1210	0	0	0	0
IS	1211	0	0	0	0
IS	1212	0	0	0	0
IS	1213	0	0	0	0
IS	1214	0	0	0	0
IS	1215	0	0	0	0
IS	1216	0	0	0	0
IS	1217	0	0	0	0
IS	1218	0	0	0	0
IS	1219	0	0	0	0
IS	1220	0	0	0	0
IS	1221	0	0	0	0
IS	1222	0	0	0	0
IS	1223	0	0	0	0
IS	1224	0	0	0	0
IS	1225	0	0	0	0
IS	1226	0	0	0	0
IS	1227	0	0	0	0
IS	1228	0	0	0	0
IS	1229	0	0	0	0
IS	1230	0	0	0	0
IS	1231	0	0	0	0
IS	1232	0	0	0	0
IS	1233	0	0	0	0
IS	1234	0	0	0	0
IS	1235	0	0	0	0
IS	1236	0	0	0	0
IS	1237	0	0	0	0
IS	1238	0	0	0	0
IS	1239	0	0	0	0
IS	1240	0	0	0	0
IS	1241	0	0	0	0
IS	1242	0	0	0	0
IS	1243	0	0	0	0
IS	1244	0	0	0	0
IS	1245	0	0	0	0
IS	1246	0	0	0	0
IS	1247	0	0	0	0
IS	1248	0	0	0	0
IS	1249	0	0	0	0
IS	1250	0	0	0	0
IS	1251	0	0	0	0
IS	1252	0	0	0	0
IS	1253	0	0	0	0
IS	1254	0	0	0	0
IS	1255	0	0	0	0
IS	1256	0	0	0	0
IS	1257	0	0	0	0
IS	1258	0	0	0	0
IS	1259	0	0	0	0
IS	1260	0	0	0	0
IS	1261	0	0	0	0
IS	1262	0	0	0	0
IS	1263	0	0	0	0
IS	1264	0	0	0	0
IS	1265	0	0	0	0
IS	1266	0	0	0	0
IS	1267	0	0	0	0
IS	1268	0	0	0	0
IS	1269	0	0	0	0
IS	1270	0	0	0	0
IS	1271	0	0	0	0
IS	1272	0	0	0	0
IS	1273	0	0	0	0
IS	1274	0	0	0	0
IS	1275	0	0	0	0
IS	1276	0	0	0	0
IS	1277	0	0	0	0
IS	1278	0	0	0	0
IS	1279	0	0	0	0
IS	1280	0	0	0	0
IS	1281	0	0	0	0
IS	1282	0	0	0	0
IS	1283	0	0	0	0
IS	1284	0	0	0	0
IS	1285	0	0	0	0
IS	1286	0	0	0	0
IS	1287	0	0	0	0
IS	1288	0	0	0	0
IS	1289	0	0	0	0
IS	1290	0	0	0	0
IS	1291	0	0	0	0
IS	1292	0	0	0	0
IS	1293	0	0	0	0
IS	1294	0	0	0	0
IS	1295	0	0	0	0
IS	1296	0	0	0	0
IS	1297	0	0	0	0
IS	1298	0	0	0	0
IS	1299	0	0	0	0
IS	1300	0	0	0	0
IS	1301	0	0	0	0
IS	1302	0	0	0	0
IS	1303	0	0	0	0
IS	1304	0	0	0	0
IS	1305	0	0	0	0
IS	1306	0	0	0	0
IS	1307	0	0	0	0
IS	1308	0	0	0	0
IS	1309	0	0	0	0
IS	1310	0	0	0	0
IS	1311	0	0	0	0
IS	1312	0	0	0	0
IS	1313	0	0	0	0
IS	1314	0	0	0	0
IS	1315	0	0	0	0
IS	1316	0	0	0	0
IS	1317	0	0	0	0
IS	1318	0	0	0	0
IS	1319	0	0	0	0
IS	1320	0	0	0	0
IS	1321	0	0	0	0
IS	1322	0	0	0	0
IS	1323	0	0	0	0
IS	1324	0	0	0	0
IS	1325	0	0	0	0
IS	1326	0	0	0	0
IS	1327	0	0	0	0
IS	1328	0	0	0	0
IS	1329	0	0	0	0
IS	1330	0	0	0	0
IS	1331	0	0	0	0
IS	1332	0	0	0	0
IS	1333	0	0	0	0
IS	1334	0	0	0	0
IS	1335	0	0	0	0
IS	1336	0	0	0	0
IS	1337	0	0	0	0
IS	1338	0	0	0	0
IS	1339	0	0	0	0
IS	1340	0	0	0	0
IS	1341	0	0	0	0
IS	1342	0	0	0	0
IS	1343	0	0	0	0
IS	1344	0	0	0	0
IS	1345	0	0	0	0
IS	1346	0	0	0	0
IS	1347	0	0	0	0
IS	1348	0	0	0	0
IS	1349	0	0	0	0
IS	1350	0	0	0	0
IS	1351	0	0	0	0
IS	1352	0	0	0	0
IS	1353	0	0	0	0
IS	1354	0	0	0	0
IS	1355	0	0	0	0
IS	1356	0	0	0	0
IS	1357	0	0	0	0
IS	1358	0	0	0	0
IS	1359	0	0	0	0
IS	1360	0	0	0	0
IS	1361	0	0	0	0
IS	1362	0	0	0	0
IS	1363	0	0	0	0
IS	1364	0	0	0	0
IS	1365	0	0	0	0
IS	1366	0	0	0	0
IS	1367	0	0	0	0
IS	1368	0	0	0	0
IS	1369	0	0	0	0
IS	1370	0	0	0	0
IS	1371	0	0	0	0
IS	1372	0	0	0	0
IS	1373	0	0	0	0
IS	1374	0	0	0	0
IS	1375	0	0	0	0
IS	1376	0	0	0	0
IS	1377	0	0	0	0
IS	1378	0	0	0	0
IS	1379	0	0	0	0
IS	1380	0	0	0	0
IS	1381	0	0	0	0
IS	1382	0	0	0	0
IS	1383	0	0	0	0
IS	1384	0	0	0	0
IS	1385	0	0	0	0
IS	1386	0	0	0	0
IS	1387	0	0	0	0
IS	1388	0	0	0	0
IS	1389	0	0	0	0
IS	1390	0	0	0	0
IS	1391	0	0	0	0
IS	1392	0	0	0	0
IS	1393	0	0	0	0
IS	1394	0	0	0	0
IS	1395	0	0	0	0
IS	1396	0	0	0	0
IS	1397	0	0	0	0
IS	1398	0	0	0	0
IS	1399	0	0	0	0
IS	1400	0	0	0	0
IS	1401	0	0	0	0
IS	1402	0	0	0	0
IS	1403	0	0	0	0
IS	1404	0	0	0	0
IS	1405	0	0	0	0
IS	1406	0	0	0	0
IS	1407	0	0	0	0
IS	1408	0	0	0	0
IS	1409	0	0	0	0
IS	1410	0	0	0	0
IS	1411	0	0	0	0
IS	1412	0	0	0	0
IS	1413	0	0	0	0
IS	1414	0	0	0	0
IS	1415	0	0	0	0
IS	1416	0	0	0	0
IS	1417	0	0	0	0
IS	1418	0	0	0	0
IS	1419	0	0	0	0
IS	1420	0	0	0	0
IS	1421	0	0	0	0
IS	1422	0	0	0	0
IS	1423	0	0	0	0
IS	1424	0	0	0	0
IS	1425	0	0	0	0
IS	1426	0	0	0	0
IS	1427	0	0	0	0
IS	1428	0	0	0	0
IS	1429	0	0	0	0
IS	1430	0	0	0	0
IS	1431	0	0	0	0
IS	1432	0	0	0	0
IS	1433	0	0	0	0
IS	1434	0	0	0	0
IS	1435	0	0	0	0
IS	1436	0	0	0	0
IS	1437	0	0	0	0
IS	1438	0	0	0	0
IS	1439	0	0	0	0
IS	1440	0	0	0	0
IS	1441	0	0	0	0
IS	1442	0	0	0	0
IS	1443	0	0	0	0
IS	1444	0	0	0	0
IS	1445	0	0	0	0
IS	1446	0	0	0	0
IS	1447	0	0	0	0
IS	1448	0	0	0	0
IS	1449	0	0	0	0
IS	1450	0	0	0	0
IS	1451	0	0	0	0
IS	1452	0	0	0	0
IS	1453	0	0	0	0
IS	1454	0	0	0	0
IS	1455	0	0	0	0
IS	1456	0	0	0	0
IS	1457	0	0	0	0
IS	1458	0	0	0	0
IS	1459	0	0	0	0
IS	1460	0	0	0	0
IS	1461	0	0	0	0
IS	1462	0	0	0	0
IS	1463	0	0	0	0
IS	1464	0	0	0	0
IS	1465	0	0	0	0
IS	1466	0	0	0	0
IS	1467	0	0	0	0
IS	1468	0	0	0	0
IS	1469	0	0	0	0
IS	1470	0	0	0	0
IS	1471	0	0	0	0
IS	1472	0	0	0	0
IS	1473	0	0	0	0
IS	1474	0	0	0	0
IS	1475	0	0	0	0
IS	1476	0	0	0	0
IS	1477	0	0	0	0
IS	1478	0	0	0	0
IS	1479	0	0	0	0
IS	1480	1	1	0	0
# Read lengths. Use `grep ^RL | cut -f 2-` to extract this part. The columns are: read length, count
RL	51	1
RL	52	3
RL	53	3
RL	54	5
RL	55	6
RL	56	4
RL	57	9
RL	58	2
RL	59	1
RL	60	6
RL	61	2
RL	62	7
RL	63	2
RL	64	4
RL	66	2
RL	67	3
RL	68	2
RL	69	1
RL	73	1
RL	74	2
RL	75	1
RL	76	2
RL	77	1
RL	78	1
RL	79	5
RL	81	6
RL	83	5
RL	84	4
RL	85	2
RL	86	1
RL	87	4
RL	88	1
RL	89	5
RL	90	6
RL	91	1
RL	92	1
RL	93	6
RL	94	7
RL	95	1
RL	96	2
RL	97	6
RL	98	5
RL	99	4
RL	100	4
RL	101	6
RL	102	5
RL	103	4
RL	104	1
RL	105	4
RL	106	8
RL	107	1
RL	108	1
RL	109	3
RL	110	4
RL	111	6
RL	112	4
RL	113	7
RL	114	13
RL	115	13
RL	116	2
RL	117	12
RL	118	2
RL	119	3
RL	120	12
RL	121	1
RL	122	4
RL	123	3
RL	124	2
RL	125	3
RL	126	4
RL	127	2
RL	128	2
RL	129	1
RL	130	5
RL	131	3
RL	132	2
RL	133	11
RL	134	2
RL	135	2
RL	136	4
RL	137	4
RL	138	3
RL	139	8
RL	140	1
RL	141	5
RL	142	3
RL	143	1
RL	144	5
RL	145	3
RL	146	6
RL	147	4
RL	148	4
RL	149	5
RL	150	14
RL	151	53
# Indel distribution. Use `grep ^ID | cut -f 2-` to extract this part. The columns are: length, number of insertions, number of deletions
ID	1	34	38
ID	2	14	13
ID	3	7	7
ID	4	4	6
ID	5	3	4
ID	6	1	3
ID	7	4	1
ID	9	1	1
ID	11	1	2
ID	15	1	0
# Indels per cycle. Use `grep ^IC | cut -f 2-` to extract this part. The columns are: cycle, number of insertions (fwd), .. (rev) , number of deletions (fwd), .. (rev)
IC	3	0	0	0	1
IC	9	1	1	0	0
IC	11	0	0	1	0
IC	12	1	0	0	0
IC	13	0	0	0	2
IC	16	0	1	1	0
IC	17	1	0	0	0
IC	18	1	2	0	1
IC	20	0	0	0	1
IC	23	1	2	1	1
IC	24	0	0	1	2
IC	25	0	0	1	0
IC	26	1	1	0	1
IC	28	0	0	0	2
IC	29	0	1	0	0
IC	31	0	0	1	0
IC	32	1	0	0	0
IC	33	0	1	0	1
IC	34	1	0	1	1
IC	35	0	0	0	1
IC	36	0	1	0	0
IC	37	0	0	1	0
IC	38	1	1	0	0
IC	39	0	1	0	1
IC	40	1	0	1	0
IC	42	1	1	0	0
IC	43	0	0	0	2
IC	45	1	0	0	0
IC	46	0	0	1	0
IC	47	0	1	0	1
IC	48	0	1	0	0
IC	49	0	1	0	0
IC	50	1	0	0	1
IC	53	0	0	0	1
IC	54	0	0	0	1
IC	55	0	1	0	0
IC	56	0	0	0	1
IC	58	0	1	1	0
IC	59	0	0	1	0
IC	60	0	1	1	1
IC	61	0	1	0	1
IC	63	1	0	2	0
IC	64	1	0	0	2
IC	65	0	2	0	2
IC	66	1	1	1	2
IC	67	0	1	1	0
IC	68	1	1	0	0
IC	69	0	1	1	1
IC	71	0	0	1	0
IC	72	0	1	1	0
IC	73	0	0	1	0
IC	74	0	0	1	0
IC	75	1	1	0	0
IC	78	0	0	0	1
IC	79	0	0	0	1
IC	81	0	2	1	0
IC	82	0	1	0	0
IC	83	1	1	0	0
IC	85	1	0	0	0
IC	86	0	0	0	1
IC	87	0	1	0	0
IC	88	0	0	1	0
IC	90	0	1	0	0
IC	91	1	1	0	1
IC	94	1	0	2	0
IC	95	0	0	1	0
IC	96	1	1	1	0
IC	97	0	0	1	0
IC	99	0	0	1	0
IC	101	0	1	0	0
IC	103	0	1	0	1
IC	109	1	0	0	1
IC	111	0	0	1	1
IC	112	0	1	0	0
IC	113	0	0	0	2
IC	114	1	0	0	0
IC	116	1	0	0	0
IC	117	1	0	0	0
IC	119	0	0	2	0
IC	121	1	0	0	0
IC	123	0	0	1	0
IC	124	0	1	0	0
IC	126	1	0	0	0
IC	131	0	1	0	0
IC	140	0	0	1	0
# Coverage distribution. Use `grep ^COV | cut -f 2-` to extract this part.
COV	[1-1]	1	37059
COV	[2-2]	2	3282
COV	[3-3]	3	170
# GC-depth. Use `grep ^GCD | cut -f 2-` to extract this part. The columns are: GC%, unique sequence percentiles, 10th, 25th, 50th, 75th and 90th depth percentile
GCD	0.0	1.042	0.000	0.000	0.000	0.000	0.000
GCD	1.0	1.562	0.011	0.011	0.011	0.011	0.011
GCD	7.0	2.083	0.006	0.006	0.006	0.006	0.006
GCD	12.0	2.604	0.011	0.011	0.011	0.011	0.011
GCD	15.0	3.646	0.006	0.006	0.006	0.011	0.011
GCD	16.0	4.167	0.006	0.006	0.006	0.006	0.006
GCD	18.0	4.688	0.006	0.006	0.006	0.006	0.006
GCD	19.0	5.208	0.006	0.006	0.006	0.006	0.006
GCD	20.0	5.729	0.011	0.011	0.011	0.011	0.011
GCD	22.0	6.771	0.011	0.011	0.011	0.011	0.011
GCD	23.0	8.333	0.006	0.006	0.006	0.011	0.011
GCD	24.0	9.375	0.011	0.011	0.011	0.011	0.011
GCD	25.0	11.979	0.006	0.006	0.011	0.011	0.022
GCD	27.0	17.188	0.006	0.006	0.006	0.011	0.011
GCD	28.0	18.229	0.006	0.006	0.006	0.011	0.011
GCD	29.0	21.354	0.006	0.006	0.011	0.011	0.011
GCD	30.0	25.521	0.006	0.006	0.011	0.011	0.067
GCD	31.0	29.167	0.006	0.006	0.006	0.011	0.011
GCD	32.0	33.854	0.006	0.006	0.006	0.011	0.039
GCD	33.0	35.938	0.006	0.006	0.006	0.011	0.011
GCD	34.0	42.188	0.006	0.006	0.011	0.011	0.011
GCD	35.0	45.312	0.011	0.011	0.011	0.011	0.022
GCD	36.0	47.396	0.011	0.011	0.011	0.022	0.078
GCD	37.0	51.562	0.006	0.011	0.011	0.011	0.022
GCD	38.0	56.771	0.006	0.006	0.011	0.011	0.011
GCD	39.0	65.104	0.006	0.006	0.011	0.011	0.017
GCD	40.0	73.438	0.006	0.006	0.011	0.011	0.022
GCD	41.0	79.167	0.006	0.006	0.011	0.011	0.011
GCD	42.0	85.417	0.006	0.006	0.011	0.011	0.011
GCD	43.0	88.542	0.006	0.006	0.006	0.011	0.011
GCD	44.0	91.667	0.006	0.006	0.006	0.011	0.011
GCD	45.0	93.750	0.006	0.006	0.006	0.006	0.011
GCD	46.0	95.312	0.011	0.011	0.011	0.011	0.011
GCD	47.0	97.396	0.011	0.011	0.011	0.011	0.011
GCD	48.0	97.917	0.017	0.017	0.017	0.017	0.017
GCD	49.0	98.958	0.006	0.006	0.006	0.011	0.011
GCD	50.0	99.479	0.006	0.006	0.006	0.006	0.006
GCD	52.0	100.000	0.011	0.011	0.011	0.011	0.011
